110
11 1 8
11 2 8
11 3 8
11 4 8
11 5 8
11 6 8
11 7 8
11 8 8
11 9 8
11 10 8
12 1 10
12 2 10
12 3 10
12 4 10
12 5 10
12 6 10
12 7 10
12 8 10
12 9 10
12 10 10
13 1 4
13 2 4
13 3 4
13 4 4
13 5 4
13 6 4
13 7 4
13 8 4
13 9 4
13 10 4
14 1 9
14 2 9
14 3 9
14 4 9
14 5 9
14 6 9
14 7 9
14 8 9
14 9 9
14 10 9
15 1 1
15 2 1
15 3 1
15 4 1
15 5 1
15 6 1
15 7 1
15 8 1
15 9 1
15 10 1
16 1 3
16 2 3
16 3 3
16 4 3
16 5 3
16 6 3
16 7 3
16 8 3
16 9 3
16 10 3
17 1 5
17 2 5
17 3 5
17 4 5
17 5 5
17 6 5
17 7 5
17 8 5
17 9 5
17 10 5
18 1 9
18 2 9
18 3 9
18 4 9
18 5 9
18 6 9
18 7 9
18 8 9
18 9 9
18 10 9
19 1 4
19 2 4
19 3 4
19 4 4
19 5 4
19 6 4
19 7 4
19 8 4
19 9 4
19 10 4
20 1 10
20 2 10
20 3 10
20 4 10
20 5 10
20 6 10
20 7 10
20 8 10
20 9 10
20 10 10
21 1 1
21 2 1
21 3 1
21 4 1
21 5 1
21 6 1
21 7 1
21 8 1
21 9 1
21 10 1
22 1 6
22 2 6
22 3 6
22 4 6
22 5 6
22 6 6
22 7 6
22 8 6
22 9 6
22 10 6
23 1 3
23 2 3
23 3 3
23 4 3
23 5 3
23 6 3
23 7 3
23 8 3
23 9 3
23 10 3
24 1 3
24 2 3
24 3 3
24 4 3
24 5 3
24 6 3
24 7 3
24 8 3
24 9 3
24 10 3
25 1 8
25 2 8
25 3 8
25 4 8
25 5 8
25 6 8
25 7 8
25 8 8
25 9 8
25 10 8
26 1 4
26 2 4
26 3 4
26 4 4
26 5 4
26 6 4
26 7 4
26 8 4
26 9 4
26 10 4
27 1 8
27 2 8
27 3 8
27 4 8
27 5 8
27 6 8
27 7 8
27 8 8
27 9 8
27 10 8
28 1 10
28 2 10
28 3 10
28 4 10
28 5 10
28 6 10
28 7 10
28 8 10
28 9 10
28 10 10
29 1 1
29 2 1
29 3 1
29 4 1
29 5 1
29 6 1
29 7 1
29 8 1
29 9 1
29 10 1
30 1 3
30 2 3
30 3 3
30 4 3
30 5 3
30 6 3
30 7 3
30 8 3
30 9 3
30 10 3
31 1 4
31 2 4
31 3 4
31 4 4
31 5 4
31 6 4
31 7 4
31 8 4
31 9 4
31 10 4
32 1 10
32 2 10
32 3 10
32 4 10
32 5 10
32 6 10
32 7 10
32 8 10
32 9 10
32 10 10
33 1 10
33 2 10
33 3 10
33 4 10
33 5 10
33 6 10
33 7 10
33 8 10
33 9 10
33 10 10
34 1 8
34 2 8
34 3 8
34 4 8
34 5 8
34 6 8
34 7 8
34 8 8
34 9 8
34 10 8
35 1 1
35 2 1
35 3 1
35 4 1
35 5 1
35 6 1
35 7 1
35 8 1
35 9 1
35 10 1
36 1 4
36 2 4
36 3 4
36 4 4
36 5 4
36 6 4
36 7 4
36 8 4
36 9 4
36 10 4
37 1 10
37 2 10
37 3 10
37 4 10
37 5 10
37 6 10
37 7 10
37 8 10
37 9 10
37 10 10
38 1 9
38 2 9
38 3 9
38 4 9
38 5 9
38 6 9
38 7 9
38 8 9
38 9 9
38 10 9
39 1 7
39 2 7
39 3 7
39 4 7
39 5 7
39 6 7
39 7 7
39 8 7
39 9 7
39 10 7
40 1 6
40 2 6
40 3 6
40 4 6
40 5 6
40 6 6
40 7 6
40 8 6
40 9 6
40 10 6
41 1 8
41 2 8
41 3 8
41 4 8
41 5 8
41 6 8
41 7 8
41 8 8
41 9 8
41 10 8
42 1 7
42 2 7
42 3 7
42 4 7
42 5 7
42 6 7
42 7 7
42 8 7
42 9 7
42 10 7
43 1 3
43 2 3
43 3 3
43 4 3
43 5 3
43 6 3
43 7 3
43 8 3
43 9 3
43 10 3
44 1 8
44 2 8
44 3 8
44 4 8
44 5 8
44 6 8
44 7 8
44 8 8
44 9 8
44 10 8
45 1 1
45 2 1
45 3 1
45 4 1
45 5 1
45 6 1
45 7 1
45 8 1
45 9 1
45 10 1
46 1 4
46 2 4
46 3 4
46 4 4
46 5 4
46 6 4
46 7 4
46 8 4
46 9 4
46 10 4
47 1 10
47 2 10
47 3 10
47 4 10
47 5 10
47 6 10
47 7 10
47 8 10
47 9 10
47 10 10
48 1 10
48 2 10
48 3 10
48 4 10
48 5 10
48 6 10
48 7 10
48 8 10
48 9 10
48 10 10
49 1 10
49 2 10
49 3 10
49 4 10
49 5 10
49 6 10
49 7 10
49 8 10
49 9 10
49 10 10
50 1 2
50 2 2
50 3 2
50 4 2
50 5 2
50 6 2
50 7 2
50 8 2
50 9 2
50 10 2
51 1 8
51 2 8
51 3 8
51 4 8
51 5 8
51 6 8
51 7 8
51 8 8
51 9 8
51 10 8
52 1 3
52 2 3
52 3 3
52 4 3
52 5 3
52 6 3
52 7 3
52 8 3
52 9 3
52 10 3
53 1 4
53 2 4
53 3 4
53 4 4
53 5 4
53 6 4
53 7 4
53 8 4
53 9 4
53 10 4
54 1 7
54 2 7
54 3 7
54 4 7
54 5 7
54 6 7
54 7 7
54 8 7
54 9 7
54 10 7
55 1 6
55 2 6
55 3 6
55 4 6
55 5 6
55 6 6
55 7 6
55 8 6
55 9 6
55 10 6
56 1 6
56 2 6
56 3 6
56 4 6
56 5 6
56 6 6
56 7 6
56 8 6
56 9 6
56 10 6
57 1 9
57 2 9
57 3 9
57 4 9
57 5 9
57 6 9
57 7 9
57 8 9
57 9 9
57 10 9
58 1 2
58 2 2
58 3 2
58 4 2
58 5 2
58 6 2
58 7 2
58 8 2
58 9 2
58 10 2
59 1 5
59 2 5
59 3 5
59 4 5
59 5 5
59 6 5
59 7 5
59 8 5
59 9 5
59 10 5
60 1 8
60 2 8
60 3 8
60 4 8
60 5 8
60 6 8
60 7 8
60 8 8
60 9 8
60 10 8
61 1 2
61 2 2
61 3 2
61 4 2
61 5 2
61 6 2
61 7 2
61 8 2
61 9 2
61 10 2
62 1 4
62 2 4
62 3 4
62 4 4
62 5 4
62 6 4
62 7 4
62 8 4
62 9 4
62 10 4
63 1 9
63 2 9
63 3 9
63 4 9
63 5 9
63 6 9
63 7 9
63 8 9
63 9 9
63 10 9
64 1 5
64 2 5
64 3 5
64 4 5
64 5 5
64 6 5
64 7 5
64 8 5
64 9 5
64 10 5
65 1 9
65 2 9
65 3 9
65 4 9
65 5 9
65 6 9
65 7 9
65 8 9
65 9 9
65 10 9
66 1 1
66 2 1
66 3 1
66 4 1
66 5 1
66 6 1
66 7 1
66 8 1
66 9 1
66 10 1
67 1 5
67 2 5
67 3 5
67 4 5
67 5 5
67 6 5
67 7 5
67 8 5
67 9 5
67 10 5
68 1 7
68 2 7
68 3 7
68 4 7
68 5 7
68 6 7
68 7 7
68 8 7
68 9 7
68 10 7
69 1 1
69 2 1
69 3 1
69 4 1
69 5 1
69 6 1
69 7 1
69 8 1
69 9 1
69 10 1
70 1 4
70 2 4
70 3 4
70 4 4
70 5 4
70 6 4
70 7 4
70 8 4
70 9 4
70 10 4
71 1 3
71 2 3
71 3 3
71 4 3
71 5 3
71 6 3
71 7 3
71 8 3
71 9 3
71 10 3
72 1 7
72 2 7
72 3 7
72 4 7
72 5 7
72 6 7
72 7 7
72 8 7
72 9 7
72 10 7
73 1 10
73 2 10
73 3 10
73 4 10
73 5 10
73 6 10
73 7 10
73 8 10
73 9 10
73 10 10
74 1 5
74 2 5
74 3 5
74 4 5
74 5 5
74 6 5
74 7 5
74 8 5
74 9 5
74 10 5
75 1 2
75 2 2
75 3 2
75 4 2
75 5 2
75 6 2
75 7 2
75 8 2
75 9 2
75 10 2
76 1 4
76 2 4
76 3 4
76 4 4
76 5 4
76 6 4
76 7 4
76 8 4
76 9 4
76 10 4
77 1 8
77 2 8
77 3 8
77 4 8
77 5 8
77 6 8
77 7 8
77 8 8
77 9 8
77 10 8
78 1 9
78 2 9
78 3 9
78 4 9
78 5 9
78 6 9
78 7 9
78 8 9
78 9 9
78 10 9
79 1 9
79 2 9
79 3 9
79 4 9
79 5 9
79 6 9
79 7 9
79 8 9
79 9 9
79 10 9
80 1 4
80 2 4
80 3 4
80 4 4
80 5 4
80 6 4
80 7 4
80 8 4
80 9 4
80 10 4
81 1 9
81 2 9
81 3 9
81 4 9
81 5 9
81 6 9
81 7 9
81 8 9
81 9 9
81 10 9
82 1 2
82 2 2
82 3 2
82 4 2
82 5 2
82 6 2
82 7 2
82 8 2
82 9 2
82 10 2
83 1 6
83 2 6
83 3 6
83 4 6
83 5 6
83 6 6
83 7 6
83 8 6
83 9 6
83 10 6
84 1 4
84 2 4
84 3 4
84 4 4
84 5 4
84 6 4
84 7 4
84 8 4
84 9 4
84 10 4
85 1 6
85 2 6
85 3 6
85 4 6
85 5 6
85 6 6
85 7 6
85 8 6
85 9 6
85 10 6
86 1 5
86 2 5
86 3 5
86 4 5
86 5 5
86 6 5
86 7 5
86 8 5
86 9 5
86 10 5
87 1 4
87 2 4
87 3 4
87 4 4
87 5 4
87 6 4
87 7 4
87 8 4
87 9 4
87 10 4
88 1 7
88 2 7
88 3 7
88 4 7
88 5 7
88 6 7
88 7 7
88 8 7
88 9 7
88 10 7
89 1 6
89 2 6
89 3 6
89 4 6
89 5 6
89 6 6
89 7 6
89 8 6
89 9 6
89 10 6
90 1 10
90 2 10
90 3 10
90 4 10
90 5 10
90 6 10
90 7 10
90 8 10
90 9 10
90 10 10
91 1 6
91 2 6
91 3 6
91 4 6
91 5 6
91 6 6
91 7 6
91 8 6
91 9 6
91 10 6
92 1 5
92 2 5
92 3 5
92 4 5
92 5 5
92 6 5
92 7 5
92 8 5
92 9 5
92 10 5
93 1 10
93 2 10
93 3 10
93 4 10
93 5 10
93 6 10
93 7 10
93 8 10
93 9 10
93 10 10
94 1 2
94 2 2
94 3 2
94 4 2
94 5 2
94 6 2
94 7 2
94 8 2
94 9 2
94 10 2
95 1 8
95 2 8
95 3 8
95 4 8
95 5 8
95 6 8
95 7 8
95 8 8
95 9 8
95 10 8
96 1 6
96 2 6
96 3 6
96 4 6
96 5 6
96 6 6
96 7 6
96 8 6
96 9 6
96 10 6
97 1 6
97 2 6
97 3 6
97 4 6
97 5 6
97 6 6
97 7 6
97 8 6
97 9 6
97 10 6
98 1 5
98 2 5
98 3 5
98 4 5
98 5 5
98 6 5
98 7 5
98 8 5
98 9 5
98 10 5
99 1 2
99 2 2
99 3 2
99 4 2
99 5 2
99 6 2
99 7 2
99 8 2
99 9 2
99 10 2
100 1 9
100 2 9
100 3 9
100 4 9
100 5 9
100 6 9
100 7 9
100 8 9
100 9 9
100 10 9
101 1 9
101 2 9
101 3 9
101 4 9
101 5 9
101 6 9
101 7 9
101 8 9
101 9 9
101 10 9
102 1 4
102 2 4
102 3 4
102 4 4
102 5 4
102 6 4
102 7 4
102 8 4
102 9 4
102 10 4
103 1 6
103 2 6
103 3 6
103 4 6
103 5 6
103 6 6
103 7 6
103 8 6
103 9 6
103 10 6
104 1 3
104 2 3
104 3 3
104 4 3
104 5 3
104 6 3
104 7 3
104 8 3
104 9 3
104 10 3
105 1 3
105 2 3
105 3 3
105 4 3
105 5 3
105 6 3
105 7 3
105 8 3
105 9 3
105 10 3
106 1 7
106 2 7
106 3 7
106 4 7
106 5 7
106 6 7
106 7 7
106 8 7
106 9 7
106 10 7
107 1 7
107 2 7
107 3 7
107 4 7
107 5 7
107 6 7
107 7 7
107 8 7
107 9 7
107 10 7
108 1 8
108 2 8
108 3 8
108 4 8
108 5 8
108 6 8
108 7 8
108 8 8
108 9 8
108 10 8
109 1 9
109 2 9
109 3 9
109 4 9
109 5 9
109 6 9
109 7 9
109 8 9
109 9 9
109 10 9
110 1 5
110 2 5
110 3 5
110 4 5
110 5 5
110 6 5
110 7 5
110 8 5
110 9 5
110 10 5
