250
1 51 8
2 51 8
3 51 8
4 51 8
5 51 8
6 51 8
7 51 8
8 51 8
9 51 8
10 51 8
11 51 8
12 51 8
13 51 8
14 51 8
15 51 8
16 51 8
17 51 8
18 51 8
19 51 8
20 51 8
21 51 8
22 51 8
23 51 8
24 51 8
25 51 8
26 51 8
27 51 8
28 51 8
29 51 8
30 51 8
31 51 8
32 51 8
33 51 8
34 51 8
35 51 8
36 51 8
37 51 8
38 51 8
39 51 8
40 51 8
41 51 8
42 51 8
43 51 8
44 51 8
45 51 8
46 51 8
47 51 8
48 51 8
49 51 8
50 51 8
1 52 10
2 52 10
3 52 10
4 52 10
5 52 10
6 52 10
7 52 10
8 52 10
9 52 10
10 52 10
11 52 10
12 52 10
13 52 10
14 52 10
15 52 10
16 52 10
17 52 10
18 52 10
19 52 10
20 52 10
21 52 10
22 52 10
23 52 10
24 52 10
25 52 10
26 52 10
27 52 10
28 52 10
29 52 10
30 52 10
31 52 10
32 52 10
33 52 10
34 52 10
35 52 10
36 52 10
37 52 10
38 52 10
39 52 10
40 52 10
41 52 10
42 52 10
43 52 10
44 52 10
45 52 10
46 52 10
47 52 10
48 52 10
49 52 10
50 52 10
1 53 4
2 53 4
3 53 4
4 53 4
5 53 4
6 53 4
7 53 4
8 53 4
9 53 4
10 53 4
11 53 4
12 53 4
13 53 4
14 53 4
15 53 4
16 53 4
17 53 4
18 53 4
19 53 4
20 53 4
21 53 4
22 53 4
23 53 4
24 53 4
25 53 4
26 53 4
27 53 4
28 53 4
29 53 4
30 53 4
31 53 4
32 53 4
33 53 4
34 53 4
35 53 4
36 53 4
37 53 4
38 53 4
39 53 4
40 53 4
41 53 4
42 53 4
43 53 4
44 53 4
45 53 4
46 53 4
47 53 4
48 53 4
49 53 4
50 53 4
1 54 9
2 54 9
3 54 9
4 54 9
5 54 9
6 54 9
7 54 9
8 54 9
9 54 9
10 54 9
11 54 9
12 54 9
13 54 9
14 54 9
15 54 9
16 54 9
17 54 9
18 54 9
19 54 9
20 54 9
21 54 9
22 54 9
23 54 9
24 54 9
25 54 9
26 54 9
27 54 9
28 54 9
29 54 9
30 54 9
31 54 9
32 54 9
33 54 9
34 54 9
35 54 9
36 54 9
37 54 9
38 54 9
39 54 9
40 54 9
41 54 9
42 54 9
43 54 9
44 54 9
45 54 9
46 54 9
47 54 9
48 54 9
49 54 9
50 54 9
1 55 1
2 55 1
3 55 1
4 55 1
5 55 1
6 55 1
7 55 1
8 55 1
9 55 1
10 55 1
11 55 1
12 55 1
13 55 1
14 55 1
15 55 1
16 55 1
17 55 1
18 55 1
19 55 1
20 55 1
21 55 1
22 55 1
23 55 1
24 55 1
25 55 1
26 55 1
27 55 1
28 55 1
29 55 1
30 55 1
31 55 1
32 55 1
33 55 1
34 55 1
35 55 1
36 55 1
37 55 1
38 55 1
39 55 1
40 55 1
41 55 1
42 55 1
43 55 1
44 55 1
45 55 1
46 55 1
47 55 1
48 55 1
49 55 1
50 55 1
1 56 3
2 56 3
3 56 3
4 56 3
5 56 3
6 56 3
7 56 3
8 56 3
9 56 3
10 56 3
11 56 3
12 56 3
13 56 3
14 56 3
15 56 3
16 56 3
17 56 3
18 56 3
19 56 3
20 56 3
21 56 3
22 56 3
23 56 3
24 56 3
25 56 3
26 56 3
27 56 3
28 56 3
29 56 3
30 56 3
31 56 3
32 56 3
33 56 3
34 56 3
35 56 3
36 56 3
37 56 3
38 56 3
39 56 3
40 56 3
41 56 3
42 56 3
43 56 3
44 56 3
45 56 3
46 56 3
47 56 3
48 56 3
49 56 3
50 56 3
1 57 5
2 57 5
3 57 5
4 57 5
5 57 5
6 57 5
7 57 5
8 57 5
9 57 5
10 57 5
11 57 5
12 57 5
13 57 5
14 57 5
15 57 5
16 57 5
17 57 5
18 57 5
19 57 5
20 57 5
21 57 5
22 57 5
23 57 5
24 57 5
25 57 5
26 57 5
27 57 5
28 57 5
29 57 5
30 57 5
31 57 5
32 57 5
33 57 5
34 57 5
35 57 5
36 57 5
37 57 5
38 57 5
39 57 5
40 57 5
41 57 5
42 57 5
43 57 5
44 57 5
45 57 5
46 57 5
47 57 5
48 57 5
49 57 5
50 57 5
1 58 9
2 58 9
3 58 9
4 58 9
5 58 9
6 58 9
7 58 9
8 58 9
9 58 9
10 58 9
11 58 9
12 58 9
13 58 9
14 58 9
15 58 9
16 58 9
17 58 9
18 58 9
19 58 9
20 58 9
21 58 9
22 58 9
23 58 9
24 58 9
25 58 9
26 58 9
27 58 9
28 58 9
29 58 9
30 58 9
31 58 9
32 58 9
33 58 9
34 58 9
35 58 9
36 58 9
37 58 9
38 58 9
39 58 9
40 58 9
41 58 9
42 58 9
43 58 9
44 58 9
45 58 9
46 58 9
47 58 9
48 58 9
49 58 9
50 58 9
1 59 4
2 59 4
3 59 4
4 59 4
5 59 4
6 59 4
7 59 4
8 59 4
9 59 4
10 59 4
11 59 4
12 59 4
13 59 4
14 59 4
15 59 4
16 59 4
17 59 4
18 59 4
19 59 4
20 59 4
21 59 4
22 59 4
23 59 4
24 59 4
25 59 4
26 59 4
27 59 4
28 59 4
29 59 4
30 59 4
31 59 4
32 59 4
33 59 4
34 59 4
35 59 4
36 59 4
37 59 4
38 59 4
39 59 4
40 59 4
41 59 4
42 59 4
43 59 4
44 59 4
45 59 4
46 59 4
47 59 4
48 59 4
49 59 4
50 59 4
1 60 10
2 60 10
3 60 10
4 60 10
5 60 10
6 60 10
7 60 10
8 60 10
9 60 10
10 60 10
11 60 10
12 60 10
13 60 10
14 60 10
15 60 10
16 60 10
17 60 10
18 60 10
19 60 10
20 60 10
21 60 10
22 60 10
23 60 10
24 60 10
25 60 10
26 60 10
27 60 10
28 60 10
29 60 10
30 60 10
31 60 10
32 60 10
33 60 10
34 60 10
35 60 10
36 60 10
37 60 10
38 60 10
39 60 10
40 60 10
41 60 10
42 60 10
43 60 10
44 60 10
45 60 10
46 60 10
47 60 10
48 60 10
49 60 10
50 60 10
1 61 1
2 61 1
3 61 1
4 61 1
5 61 1
6 61 1
7 61 1
8 61 1
9 61 1
10 61 1
11 61 1
12 61 1
13 61 1
14 61 1
15 61 1
16 61 1
17 61 1
18 61 1
19 61 1
20 61 1
21 61 1
22 61 1
23 61 1
24 61 1
25 61 1
26 61 1
27 61 1
28 61 1
29 61 1
30 61 1
31 61 1
32 61 1
33 61 1
34 61 1
35 61 1
36 61 1
37 61 1
38 61 1
39 61 1
40 61 1
41 61 1
42 61 1
43 61 1
44 61 1
45 61 1
46 61 1
47 61 1
48 61 1
49 61 1
50 61 1
1 62 6
2 62 6
3 62 6
4 62 6
5 62 6
6 62 6
7 62 6
8 62 6
9 62 6
10 62 6
11 62 6
12 62 6
13 62 6
14 62 6
15 62 6
16 62 6
17 62 6
18 62 6
19 62 6
20 62 6
21 62 6
22 62 6
23 62 6
24 62 6
25 62 6
26 62 6
27 62 6
28 62 6
29 62 6
30 62 6
31 62 6
32 62 6
33 62 6
34 62 6
35 62 6
36 62 6
37 62 6
38 62 6
39 62 6
40 62 6
41 62 6
42 62 6
43 62 6
44 62 6
45 62 6
46 62 6
47 62 6
48 62 6
49 62 6
50 62 6
1 63 3
2 63 3
3 63 3
4 63 3
5 63 3
6 63 3
7 63 3
8 63 3
9 63 3
10 63 3
11 63 3
12 63 3
13 63 3
14 63 3
15 63 3
16 63 3
17 63 3
18 63 3
19 63 3
20 63 3
21 63 3
22 63 3
23 63 3
24 63 3
25 63 3
26 63 3
27 63 3
28 63 3
29 63 3
30 63 3
31 63 3
32 63 3
33 63 3
34 63 3
35 63 3
36 63 3
37 63 3
38 63 3
39 63 3
40 63 3
41 63 3
42 63 3
43 63 3
44 63 3
45 63 3
46 63 3
47 63 3
48 63 3
49 63 3
50 63 3
1 64 3
2 64 3
3 64 3
4 64 3
5 64 3
6 64 3
7 64 3
8 64 3
9 64 3
10 64 3
11 64 3
12 64 3
13 64 3
14 64 3
15 64 3
16 64 3
17 64 3
18 64 3
19 64 3
20 64 3
21 64 3
22 64 3
23 64 3
24 64 3
25 64 3
26 64 3
27 64 3
28 64 3
29 64 3
30 64 3
31 64 3
32 64 3
33 64 3
34 64 3
35 64 3
36 64 3
37 64 3
38 64 3
39 64 3
40 64 3
41 64 3
42 64 3
43 64 3
44 64 3
45 64 3
46 64 3
47 64 3
48 64 3
49 64 3
50 64 3
1 65 8
2 65 8
3 65 8
4 65 8
5 65 8
6 65 8
7 65 8
8 65 8
9 65 8
10 65 8
11 65 8
12 65 8
13 65 8
14 65 8
15 65 8
16 65 8
17 65 8
18 65 8
19 65 8
20 65 8
21 65 8
22 65 8
23 65 8
24 65 8
25 65 8
26 65 8
27 65 8
28 65 8
29 65 8
30 65 8
31 65 8
32 65 8
33 65 8
34 65 8
35 65 8
36 65 8
37 65 8
38 65 8
39 65 8
40 65 8
41 65 8
42 65 8
43 65 8
44 65 8
45 65 8
46 65 8
47 65 8
48 65 8
49 65 8
50 65 8
1 66 4
2 66 4
3 66 4
4 66 4
5 66 4
6 66 4
7 66 4
8 66 4
9 66 4
10 66 4
11 66 4
12 66 4
13 66 4
14 66 4
15 66 4
16 66 4
17 66 4
18 66 4
19 66 4
20 66 4
21 66 4
22 66 4
23 66 4
24 66 4
25 66 4
26 66 4
27 66 4
28 66 4
29 66 4
30 66 4
31 66 4
32 66 4
33 66 4
34 66 4
35 66 4
36 66 4
37 66 4
38 66 4
39 66 4
40 66 4
41 66 4
42 66 4
43 66 4
44 66 4
45 66 4
46 66 4
47 66 4
48 66 4
49 66 4
50 66 4
1 67 8
2 67 8
3 67 8
4 67 8
5 67 8
6 67 8
7 67 8
8 67 8
9 67 8
10 67 8
11 67 8
12 67 8
13 67 8
14 67 8
15 67 8
16 67 8
17 67 8
18 67 8
19 67 8
20 67 8
21 67 8
22 67 8
23 67 8
24 67 8
25 67 8
26 67 8
27 67 8
28 67 8
29 67 8
30 67 8
31 67 8
32 67 8
33 67 8
34 67 8
35 67 8
36 67 8
37 67 8
38 67 8
39 67 8
40 67 8
41 67 8
42 67 8
43 67 8
44 67 8
45 67 8
46 67 8
47 67 8
48 67 8
49 67 8
50 67 8
1 68 10
2 68 10
3 68 10
4 68 10
5 68 10
6 68 10
7 68 10
8 68 10
9 68 10
10 68 10
11 68 10
12 68 10
13 68 10
14 68 10
15 68 10
16 68 10
17 68 10
18 68 10
19 68 10
20 68 10
21 68 10
22 68 10
23 68 10
24 68 10
25 68 10
26 68 10
27 68 10
28 68 10
29 68 10
30 68 10
31 68 10
32 68 10
33 68 10
34 68 10
35 68 10
36 68 10
37 68 10
38 68 10
39 68 10
40 68 10
41 68 10
42 68 10
43 68 10
44 68 10
45 68 10
46 68 10
47 68 10
48 68 10
49 68 10
50 68 10
1 69 1
2 69 1
3 69 1
4 69 1
5 69 1
6 69 1
7 69 1
8 69 1
9 69 1
10 69 1
11 69 1
12 69 1
13 69 1
14 69 1
15 69 1
16 69 1
17 69 1
18 69 1
19 69 1
20 69 1
21 69 1
22 69 1
23 69 1
24 69 1
25 69 1
26 69 1
27 69 1
28 69 1
29 69 1
30 69 1
31 69 1
32 69 1
33 69 1
34 69 1
35 69 1
36 69 1
37 69 1
38 69 1
39 69 1
40 69 1
41 69 1
42 69 1
43 69 1
44 69 1
45 69 1
46 69 1
47 69 1
48 69 1
49 69 1
50 69 1
1 70 3
2 70 3
3 70 3
4 70 3
5 70 3
6 70 3
7 70 3
8 70 3
9 70 3
10 70 3
11 70 3
12 70 3
13 70 3
14 70 3
15 70 3
16 70 3
17 70 3
18 70 3
19 70 3
20 70 3
21 70 3
22 70 3
23 70 3
24 70 3
25 70 3
26 70 3
27 70 3
28 70 3
29 70 3
30 70 3
31 70 3
32 70 3
33 70 3
34 70 3
35 70 3
36 70 3
37 70 3
38 70 3
39 70 3
40 70 3
41 70 3
42 70 3
43 70 3
44 70 3
45 70 3
46 70 3
47 70 3
48 70 3
49 70 3
50 70 3
1 71 4
2 71 4
3 71 4
4 71 4
5 71 4
6 71 4
7 71 4
8 71 4
9 71 4
10 71 4
11 71 4
12 71 4
13 71 4
14 71 4
15 71 4
16 71 4
17 71 4
18 71 4
19 71 4
20 71 4
21 71 4
22 71 4
23 71 4
24 71 4
25 71 4
26 71 4
27 71 4
28 71 4
29 71 4
30 71 4
31 71 4
32 71 4
33 71 4
34 71 4
35 71 4
36 71 4
37 71 4
38 71 4
39 71 4
40 71 4
41 71 4
42 71 4
43 71 4
44 71 4
45 71 4
46 71 4
47 71 4
48 71 4
49 71 4
50 71 4
1 72 10
2 72 10
3 72 10
4 72 10
5 72 10
6 72 10
7 72 10
8 72 10
9 72 10
10 72 10
11 72 10
12 72 10
13 72 10
14 72 10
15 72 10
16 72 10
17 72 10
18 72 10
19 72 10
20 72 10
21 72 10
22 72 10
23 72 10
24 72 10
25 72 10
26 72 10
27 72 10
28 72 10
29 72 10
30 72 10
31 72 10
32 72 10
33 72 10
34 72 10
35 72 10
36 72 10
37 72 10
38 72 10
39 72 10
40 72 10
41 72 10
42 72 10
43 72 10
44 72 10
45 72 10
46 72 10
47 72 10
48 72 10
49 72 10
50 72 10
1 73 10
2 73 10
3 73 10
4 73 10
5 73 10
6 73 10
7 73 10
8 73 10
9 73 10
10 73 10
11 73 10
12 73 10
13 73 10
14 73 10
15 73 10
16 73 10
17 73 10
18 73 10
19 73 10
20 73 10
21 73 10
22 73 10
23 73 10
24 73 10
25 73 10
26 73 10
27 73 10
28 73 10
29 73 10
30 73 10
31 73 10
32 73 10
33 73 10
34 73 10
35 73 10
36 73 10
37 73 10
38 73 10
39 73 10
40 73 10
41 73 10
42 73 10
43 73 10
44 73 10
45 73 10
46 73 10
47 73 10
48 73 10
49 73 10
50 73 10
1 74 8
2 74 8
3 74 8
4 74 8
5 74 8
6 74 8
7 74 8
8 74 8
9 74 8
10 74 8
11 74 8
12 74 8
13 74 8
14 74 8
15 74 8
16 74 8
17 74 8
18 74 8
19 74 8
20 74 8
21 74 8
22 74 8
23 74 8
24 74 8
25 74 8
26 74 8
27 74 8
28 74 8
29 74 8
30 74 8
31 74 8
32 74 8
33 74 8
34 74 8
35 74 8
36 74 8
37 74 8
38 74 8
39 74 8
40 74 8
41 74 8
42 74 8
43 74 8
44 74 8
45 74 8
46 74 8
47 74 8
48 74 8
49 74 8
50 74 8
1 75 1
2 75 1
3 75 1
4 75 1
5 75 1
6 75 1
7 75 1
8 75 1
9 75 1
10 75 1
11 75 1
12 75 1
13 75 1
14 75 1
15 75 1
16 75 1
17 75 1
18 75 1
19 75 1
20 75 1
21 75 1
22 75 1
23 75 1
24 75 1
25 75 1
26 75 1
27 75 1
28 75 1
29 75 1
30 75 1
31 75 1
32 75 1
33 75 1
34 75 1
35 75 1
36 75 1
37 75 1
38 75 1
39 75 1
40 75 1
41 75 1
42 75 1
43 75 1
44 75 1
45 75 1
46 75 1
47 75 1
48 75 1
49 75 1
50 75 1
1 76 4
2 76 4
3 76 4
4 76 4
5 76 4
6 76 4
7 76 4
8 76 4
9 76 4
10 76 4
11 76 4
12 76 4
13 76 4
14 76 4
15 76 4
16 76 4
17 76 4
18 76 4
19 76 4
20 76 4
21 76 4
22 76 4
23 76 4
24 76 4
25 76 4
26 76 4
27 76 4
28 76 4
29 76 4
30 76 4
31 76 4
32 76 4
33 76 4
34 76 4
35 76 4
36 76 4
37 76 4
38 76 4
39 76 4
40 76 4
41 76 4
42 76 4
43 76 4
44 76 4
45 76 4
46 76 4
47 76 4
48 76 4
49 76 4
50 76 4
1 77 10
2 77 10
3 77 10
4 77 10
5 77 10
6 77 10
7 77 10
8 77 10
9 77 10
10 77 10
11 77 10
12 77 10
13 77 10
14 77 10
15 77 10
16 77 10
17 77 10
18 77 10
19 77 10
20 77 10
21 77 10
22 77 10
23 77 10
24 77 10
25 77 10
26 77 10
27 77 10
28 77 10
29 77 10
30 77 10
31 77 10
32 77 10
33 77 10
34 77 10
35 77 10
36 77 10
37 77 10
38 77 10
39 77 10
40 77 10
41 77 10
42 77 10
43 77 10
44 77 10
45 77 10
46 77 10
47 77 10
48 77 10
49 77 10
50 77 10
1 78 9
2 78 9
3 78 9
4 78 9
5 78 9
6 78 9
7 78 9
8 78 9
9 78 9
10 78 9
11 78 9
12 78 9
13 78 9
14 78 9
15 78 9
16 78 9
17 78 9
18 78 9
19 78 9
20 78 9
21 78 9
22 78 9
23 78 9
24 78 9
25 78 9
26 78 9
27 78 9
28 78 9
29 78 9
30 78 9
31 78 9
32 78 9
33 78 9
34 78 9
35 78 9
36 78 9
37 78 9
38 78 9
39 78 9
40 78 9
41 78 9
42 78 9
43 78 9
44 78 9
45 78 9
46 78 9
47 78 9
48 78 9
49 78 9
50 78 9
1 79 7
2 79 7
3 79 7
4 79 7
5 79 7
6 79 7
7 79 7
8 79 7
9 79 7
10 79 7
11 79 7
12 79 7
13 79 7
14 79 7
15 79 7
16 79 7
17 79 7
18 79 7
19 79 7
20 79 7
21 79 7
22 79 7
23 79 7
24 79 7
25 79 7
26 79 7
27 79 7
28 79 7
29 79 7
30 79 7
31 79 7
32 79 7
33 79 7
34 79 7
35 79 7
36 79 7
37 79 7
38 79 7
39 79 7
40 79 7
41 79 7
42 79 7
43 79 7
44 79 7
45 79 7
46 79 7
47 79 7
48 79 7
49 79 7
50 79 7
1 80 6
2 80 6
3 80 6
4 80 6
5 80 6
6 80 6
7 80 6
8 80 6
9 80 6
10 80 6
11 80 6
12 80 6
13 80 6
14 80 6
15 80 6
16 80 6
17 80 6
18 80 6
19 80 6
20 80 6
21 80 6
22 80 6
23 80 6
24 80 6
25 80 6
26 80 6
27 80 6
28 80 6
29 80 6
30 80 6
31 80 6
32 80 6
33 80 6
34 80 6
35 80 6
36 80 6
37 80 6
38 80 6
39 80 6
40 80 6
41 80 6
42 80 6
43 80 6
44 80 6
45 80 6
46 80 6
47 80 6
48 80 6
49 80 6
50 80 6
1 81 8
2 81 8
3 81 8
4 81 8
5 81 8
6 81 8
7 81 8
8 81 8
9 81 8
10 81 8
11 81 8
12 81 8
13 81 8
14 81 8
15 81 8
16 81 8
17 81 8
18 81 8
19 81 8
20 81 8
21 81 8
22 81 8
23 81 8
24 81 8
25 81 8
26 81 8
27 81 8
28 81 8
29 81 8
30 81 8
31 81 8
32 81 8
33 81 8
34 81 8
35 81 8
36 81 8
37 81 8
38 81 8
39 81 8
40 81 8
41 81 8
42 81 8
43 81 8
44 81 8
45 81 8
46 81 8
47 81 8
48 81 8
49 81 8
50 81 8
1 82 7
2 82 7
3 82 7
4 82 7
5 82 7
6 82 7
7 82 7
8 82 7
9 82 7
10 82 7
11 82 7
12 82 7
13 82 7
14 82 7
15 82 7
16 82 7
17 82 7
18 82 7
19 82 7
20 82 7
21 82 7
22 82 7
23 82 7
24 82 7
25 82 7
26 82 7
27 82 7
28 82 7
29 82 7
30 82 7
31 82 7
32 82 7
33 82 7
34 82 7
35 82 7
36 82 7
37 82 7
38 82 7
39 82 7
40 82 7
41 82 7
42 82 7
43 82 7
44 82 7
45 82 7
46 82 7
47 82 7
48 82 7
49 82 7
50 82 7
1 83 3
2 83 3
3 83 3
4 83 3
5 83 3
6 83 3
7 83 3
8 83 3
9 83 3
10 83 3
11 83 3
12 83 3
13 83 3
14 83 3
15 83 3
16 83 3
17 83 3
18 83 3
19 83 3
20 83 3
21 83 3
22 83 3
23 83 3
24 83 3
25 83 3
26 83 3
27 83 3
28 83 3
29 83 3
30 83 3
31 83 3
32 83 3
33 83 3
34 83 3
35 83 3
36 83 3
37 83 3
38 83 3
39 83 3
40 83 3
41 83 3
42 83 3
43 83 3
44 83 3
45 83 3
46 83 3
47 83 3
48 83 3
49 83 3
50 83 3
1 84 8
2 84 8
3 84 8
4 84 8
5 84 8
6 84 8
7 84 8
8 84 8
9 84 8
10 84 8
11 84 8
12 84 8
13 84 8
14 84 8
15 84 8
16 84 8
17 84 8
18 84 8
19 84 8
20 84 8
21 84 8
22 84 8
23 84 8
24 84 8
25 84 8
26 84 8
27 84 8
28 84 8
29 84 8
30 84 8
31 84 8
32 84 8
33 84 8
34 84 8
35 84 8
36 84 8
37 84 8
38 84 8
39 84 8
40 84 8
41 84 8
42 84 8
43 84 8
44 84 8
45 84 8
46 84 8
47 84 8
48 84 8
49 84 8
50 84 8
1 85 1
2 85 1
3 85 1
4 85 1
5 85 1
6 85 1
7 85 1
8 85 1
9 85 1
10 85 1
11 85 1
12 85 1
13 85 1
14 85 1
15 85 1
16 85 1
17 85 1
18 85 1
19 85 1
20 85 1
21 85 1
22 85 1
23 85 1
24 85 1
25 85 1
26 85 1
27 85 1
28 85 1
29 85 1
30 85 1
31 85 1
32 85 1
33 85 1
34 85 1
35 85 1
36 85 1
37 85 1
38 85 1
39 85 1
40 85 1
41 85 1
42 85 1
43 85 1
44 85 1
45 85 1
46 85 1
47 85 1
48 85 1
49 85 1
50 85 1
1 86 4
2 86 4
3 86 4
4 86 4
5 86 4
6 86 4
7 86 4
8 86 4
9 86 4
10 86 4
11 86 4
12 86 4
13 86 4
14 86 4
15 86 4
16 86 4
17 86 4
18 86 4
19 86 4
20 86 4
21 86 4
22 86 4
23 86 4
24 86 4
25 86 4
26 86 4
27 86 4
28 86 4
29 86 4
30 86 4
31 86 4
32 86 4
33 86 4
34 86 4
35 86 4
36 86 4
37 86 4
38 86 4
39 86 4
40 86 4
41 86 4
42 86 4
43 86 4
44 86 4
45 86 4
46 86 4
47 86 4
48 86 4
49 86 4
50 86 4
1 87 10
2 87 10
3 87 10
4 87 10
5 87 10
6 87 10
7 87 10
8 87 10
9 87 10
10 87 10
11 87 10
12 87 10
13 87 10
14 87 10
15 87 10
16 87 10
17 87 10
18 87 10
19 87 10
20 87 10
21 87 10
22 87 10
23 87 10
24 87 10
25 87 10
26 87 10
27 87 10
28 87 10
29 87 10
30 87 10
31 87 10
32 87 10
33 87 10
34 87 10
35 87 10
36 87 10
37 87 10
38 87 10
39 87 10
40 87 10
41 87 10
42 87 10
43 87 10
44 87 10
45 87 10
46 87 10
47 87 10
48 87 10
49 87 10
50 87 10
1 88 10
2 88 10
3 88 10
4 88 10
5 88 10
6 88 10
7 88 10
8 88 10
9 88 10
10 88 10
11 88 10
12 88 10
13 88 10
14 88 10
15 88 10
16 88 10
17 88 10
18 88 10
19 88 10
20 88 10
21 88 10
22 88 10
23 88 10
24 88 10
25 88 10
26 88 10
27 88 10
28 88 10
29 88 10
30 88 10
31 88 10
32 88 10
33 88 10
34 88 10
35 88 10
36 88 10
37 88 10
38 88 10
39 88 10
40 88 10
41 88 10
42 88 10
43 88 10
44 88 10
45 88 10
46 88 10
47 88 10
48 88 10
49 88 10
50 88 10
1 89 10
2 89 10
3 89 10
4 89 10
5 89 10
6 89 10
7 89 10
8 89 10
9 89 10
10 89 10
11 89 10
12 89 10
13 89 10
14 89 10
15 89 10
16 89 10
17 89 10
18 89 10
19 89 10
20 89 10
21 89 10
22 89 10
23 89 10
24 89 10
25 89 10
26 89 10
27 89 10
28 89 10
29 89 10
30 89 10
31 89 10
32 89 10
33 89 10
34 89 10
35 89 10
36 89 10
37 89 10
38 89 10
39 89 10
40 89 10
41 89 10
42 89 10
43 89 10
44 89 10
45 89 10
46 89 10
47 89 10
48 89 10
49 89 10
50 89 10
1 90 2
2 90 2
3 90 2
4 90 2
5 90 2
6 90 2
7 90 2
8 90 2
9 90 2
10 90 2
11 90 2
12 90 2
13 90 2
14 90 2
15 90 2
16 90 2
17 90 2
18 90 2
19 90 2
20 90 2
21 90 2
22 90 2
23 90 2
24 90 2
25 90 2
26 90 2
27 90 2
28 90 2
29 90 2
30 90 2
31 90 2
32 90 2
33 90 2
34 90 2
35 90 2
36 90 2
37 90 2
38 90 2
39 90 2
40 90 2
41 90 2
42 90 2
43 90 2
44 90 2
45 90 2
46 90 2
47 90 2
48 90 2
49 90 2
50 90 2
1 91 8
2 91 8
3 91 8
4 91 8
5 91 8
6 91 8
7 91 8
8 91 8
9 91 8
10 91 8
11 91 8
12 91 8
13 91 8
14 91 8
15 91 8
16 91 8
17 91 8
18 91 8
19 91 8
20 91 8
21 91 8
22 91 8
23 91 8
24 91 8
25 91 8
26 91 8
27 91 8
28 91 8
29 91 8
30 91 8
31 91 8
32 91 8
33 91 8
34 91 8
35 91 8
36 91 8
37 91 8
38 91 8
39 91 8
40 91 8
41 91 8
42 91 8
43 91 8
44 91 8
45 91 8
46 91 8
47 91 8
48 91 8
49 91 8
50 91 8
1 92 3
2 92 3
3 92 3
4 92 3
5 92 3
6 92 3
7 92 3
8 92 3
9 92 3
10 92 3
11 92 3
12 92 3
13 92 3
14 92 3
15 92 3
16 92 3
17 92 3
18 92 3
19 92 3
20 92 3
21 92 3
22 92 3
23 92 3
24 92 3
25 92 3
26 92 3
27 92 3
28 92 3
29 92 3
30 92 3
31 92 3
32 92 3
33 92 3
34 92 3
35 92 3
36 92 3
37 92 3
38 92 3
39 92 3
40 92 3
41 92 3
42 92 3
43 92 3
44 92 3
45 92 3
46 92 3
47 92 3
48 92 3
49 92 3
50 92 3
1 93 4
2 93 4
3 93 4
4 93 4
5 93 4
6 93 4
7 93 4
8 93 4
9 93 4
10 93 4
11 93 4
12 93 4
13 93 4
14 93 4
15 93 4
16 93 4
17 93 4
18 93 4
19 93 4
20 93 4
21 93 4
22 93 4
23 93 4
24 93 4
25 93 4
26 93 4
27 93 4
28 93 4
29 93 4
30 93 4
31 93 4
32 93 4
33 93 4
34 93 4
35 93 4
36 93 4
37 93 4
38 93 4
39 93 4
40 93 4
41 93 4
42 93 4
43 93 4
44 93 4
45 93 4
46 93 4
47 93 4
48 93 4
49 93 4
50 93 4
1 94 7
2 94 7
3 94 7
4 94 7
5 94 7
6 94 7
7 94 7
8 94 7
9 94 7
10 94 7
11 94 7
12 94 7
13 94 7
14 94 7
15 94 7
16 94 7
17 94 7
18 94 7
19 94 7
20 94 7
21 94 7
22 94 7
23 94 7
24 94 7
25 94 7
26 94 7
27 94 7
28 94 7
29 94 7
30 94 7
31 94 7
32 94 7
33 94 7
34 94 7
35 94 7
36 94 7
37 94 7
38 94 7
39 94 7
40 94 7
41 94 7
42 94 7
43 94 7
44 94 7
45 94 7
46 94 7
47 94 7
48 94 7
49 94 7
50 94 7
1 95 6
2 95 6
3 95 6
4 95 6
5 95 6
6 95 6
7 95 6
8 95 6
9 95 6
10 95 6
11 95 6
12 95 6
13 95 6
14 95 6
15 95 6
16 95 6
17 95 6
18 95 6
19 95 6
20 95 6
21 95 6
22 95 6
23 95 6
24 95 6
25 95 6
26 95 6
27 95 6
28 95 6
29 95 6
30 95 6
31 95 6
32 95 6
33 95 6
34 95 6
35 95 6
36 95 6
37 95 6
38 95 6
39 95 6
40 95 6
41 95 6
42 95 6
43 95 6
44 95 6
45 95 6
46 95 6
47 95 6
48 95 6
49 95 6
50 95 6
1 96 6
2 96 6
3 96 6
4 96 6
5 96 6
6 96 6
7 96 6
8 96 6
9 96 6
10 96 6
11 96 6
12 96 6
13 96 6
14 96 6
15 96 6
16 96 6
17 96 6
18 96 6
19 96 6
20 96 6
21 96 6
22 96 6
23 96 6
24 96 6
25 96 6
26 96 6
27 96 6
28 96 6
29 96 6
30 96 6
31 96 6
32 96 6
33 96 6
34 96 6
35 96 6
36 96 6
37 96 6
38 96 6
39 96 6
40 96 6
41 96 6
42 96 6
43 96 6
44 96 6
45 96 6
46 96 6
47 96 6
48 96 6
49 96 6
50 96 6
1 97 9
2 97 9
3 97 9
4 97 9
5 97 9
6 97 9
7 97 9
8 97 9
9 97 9
10 97 9
11 97 9
12 97 9
13 97 9
14 97 9
15 97 9
16 97 9
17 97 9
18 97 9
19 97 9
20 97 9
21 97 9
22 97 9
23 97 9
24 97 9
25 97 9
26 97 9
27 97 9
28 97 9
29 97 9
30 97 9
31 97 9
32 97 9
33 97 9
34 97 9
35 97 9
36 97 9
37 97 9
38 97 9
39 97 9
40 97 9
41 97 9
42 97 9
43 97 9
44 97 9
45 97 9
46 97 9
47 97 9
48 97 9
49 97 9
50 97 9
1 98 2
2 98 2
3 98 2
4 98 2
5 98 2
6 98 2
7 98 2
8 98 2
9 98 2
10 98 2
11 98 2
12 98 2
13 98 2
14 98 2
15 98 2
16 98 2
17 98 2
18 98 2
19 98 2
20 98 2
21 98 2
22 98 2
23 98 2
24 98 2
25 98 2
26 98 2
27 98 2
28 98 2
29 98 2
30 98 2
31 98 2
32 98 2
33 98 2
34 98 2
35 98 2
36 98 2
37 98 2
38 98 2
39 98 2
40 98 2
41 98 2
42 98 2
43 98 2
44 98 2
45 98 2
46 98 2
47 98 2
48 98 2
49 98 2
50 98 2
1 99 5
2 99 5
3 99 5
4 99 5
5 99 5
6 99 5
7 99 5
8 99 5
9 99 5
10 99 5
11 99 5
12 99 5
13 99 5
14 99 5
15 99 5
16 99 5
17 99 5
18 99 5
19 99 5
20 99 5
21 99 5
22 99 5
23 99 5
24 99 5
25 99 5
26 99 5
27 99 5
28 99 5
29 99 5
30 99 5
31 99 5
32 99 5
33 99 5
34 99 5
35 99 5
36 99 5
37 99 5
38 99 5
39 99 5
40 99 5
41 99 5
42 99 5
43 99 5
44 99 5
45 99 5
46 99 5
47 99 5
48 99 5
49 99 5
50 99 5
1 100 8
2 100 8
3 100 8
4 100 8
5 100 8
6 100 8
7 100 8
8 100 8
9 100 8
10 100 8
11 100 8
12 100 8
13 100 8
14 100 8
15 100 8
16 100 8
17 100 8
18 100 8
19 100 8
20 100 8
21 100 8
22 100 8
23 100 8
24 100 8
25 100 8
26 100 8
27 100 8
28 100 8
29 100 8
30 100 8
31 100 8
32 100 8
33 100 8
34 100 8
35 100 8
36 100 8
37 100 8
38 100 8
39 100 8
40 100 8
41 100 8
42 100 8
43 100 8
44 100 8
45 100 8
46 100 8
47 100 8
48 100 8
49 100 8
50 100 8
1 101 2
2 101 2
3 101 2
4 101 2
5 101 2
6 101 2
7 101 2
8 101 2
9 101 2
10 101 2
11 101 2
12 101 2
13 101 2
14 101 2
15 101 2
16 101 2
17 101 2
18 101 2
19 101 2
20 101 2
21 101 2
22 101 2
23 101 2
24 101 2
25 101 2
26 101 2
27 101 2
28 101 2
29 101 2
30 101 2
31 101 2
32 101 2
33 101 2
34 101 2
35 101 2
36 101 2
37 101 2
38 101 2
39 101 2
40 101 2
41 101 2
42 101 2
43 101 2
44 101 2
45 101 2
46 101 2
47 101 2
48 101 2
49 101 2
50 101 2
1 102 4
2 102 4
3 102 4
4 102 4
5 102 4
6 102 4
7 102 4
8 102 4
9 102 4
10 102 4
11 102 4
12 102 4
13 102 4
14 102 4
15 102 4
16 102 4
17 102 4
18 102 4
19 102 4
20 102 4
21 102 4
22 102 4
23 102 4
24 102 4
25 102 4
26 102 4
27 102 4
28 102 4
29 102 4
30 102 4
31 102 4
32 102 4
33 102 4
34 102 4
35 102 4
36 102 4
37 102 4
38 102 4
39 102 4
40 102 4
41 102 4
42 102 4
43 102 4
44 102 4
45 102 4
46 102 4
47 102 4
48 102 4
49 102 4
50 102 4
1 103 9
2 103 9
3 103 9
4 103 9
5 103 9
6 103 9
7 103 9
8 103 9
9 103 9
10 103 9
11 103 9
12 103 9
13 103 9
14 103 9
15 103 9
16 103 9
17 103 9
18 103 9
19 103 9
20 103 9
21 103 9
22 103 9
23 103 9
24 103 9
25 103 9
26 103 9
27 103 9
28 103 9
29 103 9
30 103 9
31 103 9
32 103 9
33 103 9
34 103 9
35 103 9
36 103 9
37 103 9
38 103 9
39 103 9
40 103 9
41 103 9
42 103 9
43 103 9
44 103 9
45 103 9
46 103 9
47 103 9
48 103 9
49 103 9
50 103 9
1 104 5
2 104 5
3 104 5
4 104 5
5 104 5
6 104 5
7 104 5
8 104 5
9 104 5
10 104 5
11 104 5
12 104 5
13 104 5
14 104 5
15 104 5
16 104 5
17 104 5
18 104 5
19 104 5
20 104 5
21 104 5
22 104 5
23 104 5
24 104 5
25 104 5
26 104 5
27 104 5
28 104 5
29 104 5
30 104 5
31 104 5
32 104 5
33 104 5
34 104 5
35 104 5
36 104 5
37 104 5
38 104 5
39 104 5
40 104 5
41 104 5
42 104 5
43 104 5
44 104 5
45 104 5
46 104 5
47 104 5
48 104 5
49 104 5
50 104 5
1 105 9
2 105 9
3 105 9
4 105 9
5 105 9
6 105 9
7 105 9
8 105 9
9 105 9
10 105 9
11 105 9
12 105 9
13 105 9
14 105 9
15 105 9
16 105 9
17 105 9
18 105 9
19 105 9
20 105 9
21 105 9
22 105 9
23 105 9
24 105 9
25 105 9
26 105 9
27 105 9
28 105 9
29 105 9
30 105 9
31 105 9
32 105 9
33 105 9
34 105 9
35 105 9
36 105 9
37 105 9
38 105 9
39 105 9
40 105 9
41 105 9
42 105 9
43 105 9
44 105 9
45 105 9
46 105 9
47 105 9
48 105 9
49 105 9
50 105 9
1 106 1
2 106 1
3 106 1
4 106 1
5 106 1
6 106 1
7 106 1
8 106 1
9 106 1
10 106 1
11 106 1
12 106 1
13 106 1
14 106 1
15 106 1
16 106 1
17 106 1
18 106 1
19 106 1
20 106 1
21 106 1
22 106 1
23 106 1
24 106 1
25 106 1
26 106 1
27 106 1
28 106 1
29 106 1
30 106 1
31 106 1
32 106 1
33 106 1
34 106 1
35 106 1
36 106 1
37 106 1
38 106 1
39 106 1
40 106 1
41 106 1
42 106 1
43 106 1
44 106 1
45 106 1
46 106 1
47 106 1
48 106 1
49 106 1
50 106 1
1 107 5
2 107 5
3 107 5
4 107 5
5 107 5
6 107 5
7 107 5
8 107 5
9 107 5
10 107 5
11 107 5
12 107 5
13 107 5
14 107 5
15 107 5
16 107 5
17 107 5
18 107 5
19 107 5
20 107 5
21 107 5
22 107 5
23 107 5
24 107 5
25 107 5
26 107 5
27 107 5
28 107 5
29 107 5
30 107 5
31 107 5
32 107 5
33 107 5
34 107 5
35 107 5
36 107 5
37 107 5
38 107 5
39 107 5
40 107 5
41 107 5
42 107 5
43 107 5
44 107 5
45 107 5
46 107 5
47 107 5
48 107 5
49 107 5
50 107 5
1 108 7
2 108 7
3 108 7
4 108 7
5 108 7
6 108 7
7 108 7
8 108 7
9 108 7
10 108 7
11 108 7
12 108 7
13 108 7
14 108 7
15 108 7
16 108 7
17 108 7
18 108 7
19 108 7
20 108 7
21 108 7
22 108 7
23 108 7
24 108 7
25 108 7
26 108 7
27 108 7
28 108 7
29 108 7
30 108 7
31 108 7
32 108 7
33 108 7
34 108 7
35 108 7
36 108 7
37 108 7
38 108 7
39 108 7
40 108 7
41 108 7
42 108 7
43 108 7
44 108 7
45 108 7
46 108 7
47 108 7
48 108 7
49 108 7
50 108 7
1 109 1
2 109 1
3 109 1
4 109 1
5 109 1
6 109 1
7 109 1
8 109 1
9 109 1
10 109 1
11 109 1
12 109 1
13 109 1
14 109 1
15 109 1
16 109 1
17 109 1
18 109 1
19 109 1
20 109 1
21 109 1
22 109 1
23 109 1
24 109 1
25 109 1
26 109 1
27 109 1
28 109 1
29 109 1
30 109 1
31 109 1
32 109 1
33 109 1
34 109 1
35 109 1
36 109 1
37 109 1
38 109 1
39 109 1
40 109 1
41 109 1
42 109 1
43 109 1
44 109 1
45 109 1
46 109 1
47 109 1
48 109 1
49 109 1
50 109 1
1 110 4
2 110 4
3 110 4
4 110 4
5 110 4
6 110 4
7 110 4
8 110 4
9 110 4
10 110 4
11 110 4
12 110 4
13 110 4
14 110 4
15 110 4
16 110 4
17 110 4
18 110 4
19 110 4
20 110 4
21 110 4
22 110 4
23 110 4
24 110 4
25 110 4
26 110 4
27 110 4
28 110 4
29 110 4
30 110 4
31 110 4
32 110 4
33 110 4
34 110 4
35 110 4
36 110 4
37 110 4
38 110 4
39 110 4
40 110 4
41 110 4
42 110 4
43 110 4
44 110 4
45 110 4
46 110 4
47 110 4
48 110 4
49 110 4
50 110 4
1 111 3
2 111 3
3 111 3
4 111 3
5 111 3
6 111 3
7 111 3
8 111 3
9 111 3
10 111 3
11 111 3
12 111 3
13 111 3
14 111 3
15 111 3
16 111 3
17 111 3
18 111 3
19 111 3
20 111 3
21 111 3
22 111 3
23 111 3
24 111 3
25 111 3
26 111 3
27 111 3
28 111 3
29 111 3
30 111 3
31 111 3
32 111 3
33 111 3
34 111 3
35 111 3
36 111 3
37 111 3
38 111 3
39 111 3
40 111 3
41 111 3
42 111 3
43 111 3
44 111 3
45 111 3
46 111 3
47 111 3
48 111 3
49 111 3
50 111 3
1 112 7
2 112 7
3 112 7
4 112 7
5 112 7
6 112 7
7 112 7
8 112 7
9 112 7
10 112 7
11 112 7
12 112 7
13 112 7
14 112 7
15 112 7
16 112 7
17 112 7
18 112 7
19 112 7
20 112 7
21 112 7
22 112 7
23 112 7
24 112 7
25 112 7
26 112 7
27 112 7
28 112 7
29 112 7
30 112 7
31 112 7
32 112 7
33 112 7
34 112 7
35 112 7
36 112 7
37 112 7
38 112 7
39 112 7
40 112 7
41 112 7
42 112 7
43 112 7
44 112 7
45 112 7
46 112 7
47 112 7
48 112 7
49 112 7
50 112 7
1 113 10
2 113 10
3 113 10
4 113 10
5 113 10
6 113 10
7 113 10
8 113 10
9 113 10
10 113 10
11 113 10
12 113 10
13 113 10
14 113 10
15 113 10
16 113 10
17 113 10
18 113 10
19 113 10
20 113 10
21 113 10
22 113 10
23 113 10
24 113 10
25 113 10
26 113 10
27 113 10
28 113 10
29 113 10
30 113 10
31 113 10
32 113 10
33 113 10
34 113 10
35 113 10
36 113 10
37 113 10
38 113 10
39 113 10
40 113 10
41 113 10
42 113 10
43 113 10
44 113 10
45 113 10
46 113 10
47 113 10
48 113 10
49 113 10
50 113 10
1 114 5
2 114 5
3 114 5
4 114 5
5 114 5
6 114 5
7 114 5
8 114 5
9 114 5
10 114 5
11 114 5
12 114 5
13 114 5
14 114 5
15 114 5
16 114 5
17 114 5
18 114 5
19 114 5
20 114 5
21 114 5
22 114 5
23 114 5
24 114 5
25 114 5
26 114 5
27 114 5
28 114 5
29 114 5
30 114 5
31 114 5
32 114 5
33 114 5
34 114 5
35 114 5
36 114 5
37 114 5
38 114 5
39 114 5
40 114 5
41 114 5
42 114 5
43 114 5
44 114 5
45 114 5
46 114 5
47 114 5
48 114 5
49 114 5
50 114 5
1 115 2
2 115 2
3 115 2
4 115 2
5 115 2
6 115 2
7 115 2
8 115 2
9 115 2
10 115 2
11 115 2
12 115 2
13 115 2
14 115 2
15 115 2
16 115 2
17 115 2
18 115 2
19 115 2
20 115 2
21 115 2
22 115 2
23 115 2
24 115 2
25 115 2
26 115 2
27 115 2
28 115 2
29 115 2
30 115 2
31 115 2
32 115 2
33 115 2
34 115 2
35 115 2
36 115 2
37 115 2
38 115 2
39 115 2
40 115 2
41 115 2
42 115 2
43 115 2
44 115 2
45 115 2
46 115 2
47 115 2
48 115 2
49 115 2
50 115 2
1 116 4
2 116 4
3 116 4
4 116 4
5 116 4
6 116 4
7 116 4
8 116 4
9 116 4
10 116 4
11 116 4
12 116 4
13 116 4
14 116 4
15 116 4
16 116 4
17 116 4
18 116 4
19 116 4
20 116 4
21 116 4
22 116 4
23 116 4
24 116 4
25 116 4
26 116 4
27 116 4
28 116 4
29 116 4
30 116 4
31 116 4
32 116 4
33 116 4
34 116 4
35 116 4
36 116 4
37 116 4
38 116 4
39 116 4
40 116 4
41 116 4
42 116 4
43 116 4
44 116 4
45 116 4
46 116 4
47 116 4
48 116 4
49 116 4
50 116 4
1 117 8
2 117 8
3 117 8
4 117 8
5 117 8
6 117 8
7 117 8
8 117 8
9 117 8
10 117 8
11 117 8
12 117 8
13 117 8
14 117 8
15 117 8
16 117 8
17 117 8
18 117 8
19 117 8
20 117 8
21 117 8
22 117 8
23 117 8
24 117 8
25 117 8
26 117 8
27 117 8
28 117 8
29 117 8
30 117 8
31 117 8
32 117 8
33 117 8
34 117 8
35 117 8
36 117 8
37 117 8
38 117 8
39 117 8
40 117 8
41 117 8
42 117 8
43 117 8
44 117 8
45 117 8
46 117 8
47 117 8
48 117 8
49 117 8
50 117 8
1 118 9
2 118 9
3 118 9
4 118 9
5 118 9
6 118 9
7 118 9
8 118 9
9 118 9
10 118 9
11 118 9
12 118 9
13 118 9
14 118 9
15 118 9
16 118 9
17 118 9
18 118 9
19 118 9
20 118 9
21 118 9
22 118 9
23 118 9
24 118 9
25 118 9
26 118 9
27 118 9
28 118 9
29 118 9
30 118 9
31 118 9
32 118 9
33 118 9
34 118 9
35 118 9
36 118 9
37 118 9
38 118 9
39 118 9
40 118 9
41 118 9
42 118 9
43 118 9
44 118 9
45 118 9
46 118 9
47 118 9
48 118 9
49 118 9
50 118 9
1 119 9
2 119 9
3 119 9
4 119 9
5 119 9
6 119 9
7 119 9
8 119 9
9 119 9
10 119 9
11 119 9
12 119 9
13 119 9
14 119 9
15 119 9
16 119 9
17 119 9
18 119 9
19 119 9
20 119 9
21 119 9
22 119 9
23 119 9
24 119 9
25 119 9
26 119 9
27 119 9
28 119 9
29 119 9
30 119 9
31 119 9
32 119 9
33 119 9
34 119 9
35 119 9
36 119 9
37 119 9
38 119 9
39 119 9
40 119 9
41 119 9
42 119 9
43 119 9
44 119 9
45 119 9
46 119 9
47 119 9
48 119 9
49 119 9
50 119 9
1 120 4
2 120 4
3 120 4
4 120 4
5 120 4
6 120 4
7 120 4
8 120 4
9 120 4
10 120 4
11 120 4
12 120 4
13 120 4
14 120 4
15 120 4
16 120 4
17 120 4
18 120 4
19 120 4
20 120 4
21 120 4
22 120 4
23 120 4
24 120 4
25 120 4
26 120 4
27 120 4
28 120 4
29 120 4
30 120 4
31 120 4
32 120 4
33 120 4
34 120 4
35 120 4
36 120 4
37 120 4
38 120 4
39 120 4
40 120 4
41 120 4
42 120 4
43 120 4
44 120 4
45 120 4
46 120 4
47 120 4
48 120 4
49 120 4
50 120 4
1 121 9
2 121 9
3 121 9
4 121 9
5 121 9
6 121 9
7 121 9
8 121 9
9 121 9
10 121 9
11 121 9
12 121 9
13 121 9
14 121 9
15 121 9
16 121 9
17 121 9
18 121 9
19 121 9
20 121 9
21 121 9
22 121 9
23 121 9
24 121 9
25 121 9
26 121 9
27 121 9
28 121 9
29 121 9
30 121 9
31 121 9
32 121 9
33 121 9
34 121 9
35 121 9
36 121 9
37 121 9
38 121 9
39 121 9
40 121 9
41 121 9
42 121 9
43 121 9
44 121 9
45 121 9
46 121 9
47 121 9
48 121 9
49 121 9
50 121 9
1 122 2
2 122 2
3 122 2
4 122 2
5 122 2
6 122 2
7 122 2
8 122 2
9 122 2
10 122 2
11 122 2
12 122 2
13 122 2
14 122 2
15 122 2
16 122 2
17 122 2
18 122 2
19 122 2
20 122 2
21 122 2
22 122 2
23 122 2
24 122 2
25 122 2
26 122 2
27 122 2
28 122 2
29 122 2
30 122 2
31 122 2
32 122 2
33 122 2
34 122 2
35 122 2
36 122 2
37 122 2
38 122 2
39 122 2
40 122 2
41 122 2
42 122 2
43 122 2
44 122 2
45 122 2
46 122 2
47 122 2
48 122 2
49 122 2
50 122 2
1 123 6
2 123 6
3 123 6
4 123 6
5 123 6
6 123 6
7 123 6
8 123 6
9 123 6
10 123 6
11 123 6
12 123 6
13 123 6
14 123 6
15 123 6
16 123 6
17 123 6
18 123 6
19 123 6
20 123 6
21 123 6
22 123 6
23 123 6
24 123 6
25 123 6
26 123 6
27 123 6
28 123 6
29 123 6
30 123 6
31 123 6
32 123 6
33 123 6
34 123 6
35 123 6
36 123 6
37 123 6
38 123 6
39 123 6
40 123 6
41 123 6
42 123 6
43 123 6
44 123 6
45 123 6
46 123 6
47 123 6
48 123 6
49 123 6
50 123 6
1 124 4
2 124 4
3 124 4
4 124 4
5 124 4
6 124 4
7 124 4
8 124 4
9 124 4
10 124 4
11 124 4
12 124 4
13 124 4
14 124 4
15 124 4
16 124 4
17 124 4
18 124 4
19 124 4
20 124 4
21 124 4
22 124 4
23 124 4
24 124 4
25 124 4
26 124 4
27 124 4
28 124 4
29 124 4
30 124 4
31 124 4
32 124 4
33 124 4
34 124 4
35 124 4
36 124 4
37 124 4
38 124 4
39 124 4
40 124 4
41 124 4
42 124 4
43 124 4
44 124 4
45 124 4
46 124 4
47 124 4
48 124 4
49 124 4
50 124 4
1 125 6
2 125 6
3 125 6
4 125 6
5 125 6
6 125 6
7 125 6
8 125 6
9 125 6
10 125 6
11 125 6
12 125 6
13 125 6
14 125 6
15 125 6
16 125 6
17 125 6
18 125 6
19 125 6
20 125 6
21 125 6
22 125 6
23 125 6
24 125 6
25 125 6
26 125 6
27 125 6
28 125 6
29 125 6
30 125 6
31 125 6
32 125 6
33 125 6
34 125 6
35 125 6
36 125 6
37 125 6
38 125 6
39 125 6
40 125 6
41 125 6
42 125 6
43 125 6
44 125 6
45 125 6
46 125 6
47 125 6
48 125 6
49 125 6
50 125 6
1 126 5
2 126 5
3 126 5
4 126 5
5 126 5
6 126 5
7 126 5
8 126 5
9 126 5
10 126 5
11 126 5
12 126 5
13 126 5
14 126 5
15 126 5
16 126 5
17 126 5
18 126 5
19 126 5
20 126 5
21 126 5
22 126 5
23 126 5
24 126 5
25 126 5
26 126 5
27 126 5
28 126 5
29 126 5
30 126 5
31 126 5
32 126 5
33 126 5
34 126 5
35 126 5
36 126 5
37 126 5
38 126 5
39 126 5
40 126 5
41 126 5
42 126 5
43 126 5
44 126 5
45 126 5
46 126 5
47 126 5
48 126 5
49 126 5
50 126 5
1 127 4
2 127 4
3 127 4
4 127 4
5 127 4
6 127 4
7 127 4
8 127 4
9 127 4
10 127 4
11 127 4
12 127 4
13 127 4
14 127 4
15 127 4
16 127 4
17 127 4
18 127 4
19 127 4
20 127 4
21 127 4
22 127 4
23 127 4
24 127 4
25 127 4
26 127 4
27 127 4
28 127 4
29 127 4
30 127 4
31 127 4
32 127 4
33 127 4
34 127 4
35 127 4
36 127 4
37 127 4
38 127 4
39 127 4
40 127 4
41 127 4
42 127 4
43 127 4
44 127 4
45 127 4
46 127 4
47 127 4
48 127 4
49 127 4
50 127 4
1 128 7
2 128 7
3 128 7
4 128 7
5 128 7
6 128 7
7 128 7
8 128 7
9 128 7
10 128 7
11 128 7
12 128 7
13 128 7
14 128 7
15 128 7
16 128 7
17 128 7
18 128 7
19 128 7
20 128 7
21 128 7
22 128 7
23 128 7
24 128 7
25 128 7
26 128 7
27 128 7
28 128 7
29 128 7
30 128 7
31 128 7
32 128 7
33 128 7
34 128 7
35 128 7
36 128 7
37 128 7
38 128 7
39 128 7
40 128 7
41 128 7
42 128 7
43 128 7
44 128 7
45 128 7
46 128 7
47 128 7
48 128 7
49 128 7
50 128 7
1 129 6
2 129 6
3 129 6
4 129 6
5 129 6
6 129 6
7 129 6
8 129 6
9 129 6
10 129 6
11 129 6
12 129 6
13 129 6
14 129 6
15 129 6
16 129 6
17 129 6
18 129 6
19 129 6
20 129 6
21 129 6
22 129 6
23 129 6
24 129 6
25 129 6
26 129 6
27 129 6
28 129 6
29 129 6
30 129 6
31 129 6
32 129 6
33 129 6
34 129 6
35 129 6
36 129 6
37 129 6
38 129 6
39 129 6
40 129 6
41 129 6
42 129 6
43 129 6
44 129 6
45 129 6
46 129 6
47 129 6
48 129 6
49 129 6
50 129 6
1 130 10
2 130 10
3 130 10
4 130 10
5 130 10
6 130 10
7 130 10
8 130 10
9 130 10
10 130 10
11 130 10
12 130 10
13 130 10
14 130 10
15 130 10
16 130 10
17 130 10
18 130 10
19 130 10
20 130 10
21 130 10
22 130 10
23 130 10
24 130 10
25 130 10
26 130 10
27 130 10
28 130 10
29 130 10
30 130 10
31 130 10
32 130 10
33 130 10
34 130 10
35 130 10
36 130 10
37 130 10
38 130 10
39 130 10
40 130 10
41 130 10
42 130 10
43 130 10
44 130 10
45 130 10
46 130 10
47 130 10
48 130 10
49 130 10
50 130 10
1 131 6
2 131 6
3 131 6
4 131 6
5 131 6
6 131 6
7 131 6
8 131 6
9 131 6
10 131 6
11 131 6
12 131 6
13 131 6
14 131 6
15 131 6
16 131 6
17 131 6
18 131 6
19 131 6
20 131 6
21 131 6
22 131 6
23 131 6
24 131 6
25 131 6
26 131 6
27 131 6
28 131 6
29 131 6
30 131 6
31 131 6
32 131 6
33 131 6
34 131 6
35 131 6
36 131 6
37 131 6
38 131 6
39 131 6
40 131 6
41 131 6
42 131 6
43 131 6
44 131 6
45 131 6
46 131 6
47 131 6
48 131 6
49 131 6
50 131 6
1 132 5
2 132 5
3 132 5
4 132 5
5 132 5
6 132 5
7 132 5
8 132 5
9 132 5
10 132 5
11 132 5
12 132 5
13 132 5
14 132 5
15 132 5
16 132 5
17 132 5
18 132 5
19 132 5
20 132 5
21 132 5
22 132 5
23 132 5
24 132 5
25 132 5
26 132 5
27 132 5
28 132 5
29 132 5
30 132 5
31 132 5
32 132 5
33 132 5
34 132 5
35 132 5
36 132 5
37 132 5
38 132 5
39 132 5
40 132 5
41 132 5
42 132 5
43 132 5
44 132 5
45 132 5
46 132 5
47 132 5
48 132 5
49 132 5
50 132 5
1 133 10
2 133 10
3 133 10
4 133 10
5 133 10
6 133 10
7 133 10
8 133 10
9 133 10
10 133 10
11 133 10
12 133 10
13 133 10
14 133 10
15 133 10
16 133 10
17 133 10
18 133 10
19 133 10
20 133 10
21 133 10
22 133 10
23 133 10
24 133 10
25 133 10
26 133 10
27 133 10
28 133 10
29 133 10
30 133 10
31 133 10
32 133 10
33 133 10
34 133 10
35 133 10
36 133 10
37 133 10
38 133 10
39 133 10
40 133 10
41 133 10
42 133 10
43 133 10
44 133 10
45 133 10
46 133 10
47 133 10
48 133 10
49 133 10
50 133 10
1 134 2
2 134 2
3 134 2
4 134 2
5 134 2
6 134 2
7 134 2
8 134 2
9 134 2
10 134 2
11 134 2
12 134 2
13 134 2
14 134 2
15 134 2
16 134 2
17 134 2
18 134 2
19 134 2
20 134 2
21 134 2
22 134 2
23 134 2
24 134 2
25 134 2
26 134 2
27 134 2
28 134 2
29 134 2
30 134 2
31 134 2
32 134 2
33 134 2
34 134 2
35 134 2
36 134 2
37 134 2
38 134 2
39 134 2
40 134 2
41 134 2
42 134 2
43 134 2
44 134 2
45 134 2
46 134 2
47 134 2
48 134 2
49 134 2
50 134 2
1 135 8
2 135 8
3 135 8
4 135 8
5 135 8
6 135 8
7 135 8
8 135 8
9 135 8
10 135 8
11 135 8
12 135 8
13 135 8
14 135 8
15 135 8
16 135 8
17 135 8
18 135 8
19 135 8
20 135 8
21 135 8
22 135 8
23 135 8
24 135 8
25 135 8
26 135 8
27 135 8
28 135 8
29 135 8
30 135 8
31 135 8
32 135 8
33 135 8
34 135 8
35 135 8
36 135 8
37 135 8
38 135 8
39 135 8
40 135 8
41 135 8
42 135 8
43 135 8
44 135 8
45 135 8
46 135 8
47 135 8
48 135 8
49 135 8
50 135 8
1 136 6
2 136 6
3 136 6
4 136 6
5 136 6
6 136 6
7 136 6
8 136 6
9 136 6
10 136 6
11 136 6
12 136 6
13 136 6
14 136 6
15 136 6
16 136 6
17 136 6
18 136 6
19 136 6
20 136 6
21 136 6
22 136 6
23 136 6
24 136 6
25 136 6
26 136 6
27 136 6
28 136 6
29 136 6
30 136 6
31 136 6
32 136 6
33 136 6
34 136 6
35 136 6
36 136 6
37 136 6
38 136 6
39 136 6
40 136 6
41 136 6
42 136 6
43 136 6
44 136 6
45 136 6
46 136 6
47 136 6
48 136 6
49 136 6
50 136 6
1 137 6
2 137 6
3 137 6
4 137 6
5 137 6
6 137 6
7 137 6
8 137 6
9 137 6
10 137 6
11 137 6
12 137 6
13 137 6
14 137 6
15 137 6
16 137 6
17 137 6
18 137 6
19 137 6
20 137 6
21 137 6
22 137 6
23 137 6
24 137 6
25 137 6
26 137 6
27 137 6
28 137 6
29 137 6
30 137 6
31 137 6
32 137 6
33 137 6
34 137 6
35 137 6
36 137 6
37 137 6
38 137 6
39 137 6
40 137 6
41 137 6
42 137 6
43 137 6
44 137 6
45 137 6
46 137 6
47 137 6
48 137 6
49 137 6
50 137 6
1 138 5
2 138 5
3 138 5
4 138 5
5 138 5
6 138 5
7 138 5
8 138 5
9 138 5
10 138 5
11 138 5
12 138 5
13 138 5
14 138 5
15 138 5
16 138 5
17 138 5
18 138 5
19 138 5
20 138 5
21 138 5
22 138 5
23 138 5
24 138 5
25 138 5
26 138 5
27 138 5
28 138 5
29 138 5
30 138 5
31 138 5
32 138 5
33 138 5
34 138 5
35 138 5
36 138 5
37 138 5
38 138 5
39 138 5
40 138 5
41 138 5
42 138 5
43 138 5
44 138 5
45 138 5
46 138 5
47 138 5
48 138 5
49 138 5
50 138 5
1 139 2
2 139 2
3 139 2
4 139 2
5 139 2
6 139 2
7 139 2
8 139 2
9 139 2
10 139 2
11 139 2
12 139 2
13 139 2
14 139 2
15 139 2
16 139 2
17 139 2
18 139 2
19 139 2
20 139 2
21 139 2
22 139 2
23 139 2
24 139 2
25 139 2
26 139 2
27 139 2
28 139 2
29 139 2
30 139 2
31 139 2
32 139 2
33 139 2
34 139 2
35 139 2
36 139 2
37 139 2
38 139 2
39 139 2
40 139 2
41 139 2
42 139 2
43 139 2
44 139 2
45 139 2
46 139 2
47 139 2
48 139 2
49 139 2
50 139 2
1 140 9
2 140 9
3 140 9
4 140 9
5 140 9
6 140 9
7 140 9
8 140 9
9 140 9
10 140 9
11 140 9
12 140 9
13 140 9
14 140 9
15 140 9
16 140 9
17 140 9
18 140 9
19 140 9
20 140 9
21 140 9
22 140 9
23 140 9
24 140 9
25 140 9
26 140 9
27 140 9
28 140 9
29 140 9
30 140 9
31 140 9
32 140 9
33 140 9
34 140 9
35 140 9
36 140 9
37 140 9
38 140 9
39 140 9
40 140 9
41 140 9
42 140 9
43 140 9
44 140 9
45 140 9
46 140 9
47 140 9
48 140 9
49 140 9
50 140 9
1 141 9
2 141 9
3 141 9
4 141 9
5 141 9
6 141 9
7 141 9
8 141 9
9 141 9
10 141 9
11 141 9
12 141 9
13 141 9
14 141 9
15 141 9
16 141 9
17 141 9
18 141 9
19 141 9
20 141 9
21 141 9
22 141 9
23 141 9
24 141 9
25 141 9
26 141 9
27 141 9
28 141 9
29 141 9
30 141 9
31 141 9
32 141 9
33 141 9
34 141 9
35 141 9
36 141 9
37 141 9
38 141 9
39 141 9
40 141 9
41 141 9
42 141 9
43 141 9
44 141 9
45 141 9
46 141 9
47 141 9
48 141 9
49 141 9
50 141 9
1 142 4
2 142 4
3 142 4
4 142 4
5 142 4
6 142 4
7 142 4
8 142 4
9 142 4
10 142 4
11 142 4
12 142 4
13 142 4
14 142 4
15 142 4
16 142 4
17 142 4
18 142 4
19 142 4
20 142 4
21 142 4
22 142 4
23 142 4
24 142 4
25 142 4
26 142 4
27 142 4
28 142 4
29 142 4
30 142 4
31 142 4
32 142 4
33 142 4
34 142 4
35 142 4
36 142 4
37 142 4
38 142 4
39 142 4
40 142 4
41 142 4
42 142 4
43 142 4
44 142 4
45 142 4
46 142 4
47 142 4
48 142 4
49 142 4
50 142 4
1 143 6
2 143 6
3 143 6
4 143 6
5 143 6
6 143 6
7 143 6
8 143 6
9 143 6
10 143 6
11 143 6
12 143 6
13 143 6
14 143 6
15 143 6
16 143 6
17 143 6
18 143 6
19 143 6
20 143 6
21 143 6
22 143 6
23 143 6
24 143 6
25 143 6
26 143 6
27 143 6
28 143 6
29 143 6
30 143 6
31 143 6
32 143 6
33 143 6
34 143 6
35 143 6
36 143 6
37 143 6
38 143 6
39 143 6
40 143 6
41 143 6
42 143 6
43 143 6
44 143 6
45 143 6
46 143 6
47 143 6
48 143 6
49 143 6
50 143 6
1 144 3
2 144 3
3 144 3
4 144 3
5 144 3
6 144 3
7 144 3
8 144 3
9 144 3
10 144 3
11 144 3
12 144 3
13 144 3
14 144 3
15 144 3
16 144 3
17 144 3
18 144 3
19 144 3
20 144 3
21 144 3
22 144 3
23 144 3
24 144 3
25 144 3
26 144 3
27 144 3
28 144 3
29 144 3
30 144 3
31 144 3
32 144 3
33 144 3
34 144 3
35 144 3
36 144 3
37 144 3
38 144 3
39 144 3
40 144 3
41 144 3
42 144 3
43 144 3
44 144 3
45 144 3
46 144 3
47 144 3
48 144 3
49 144 3
50 144 3
1 145 3
2 145 3
3 145 3
4 145 3
5 145 3
6 145 3
7 145 3
8 145 3
9 145 3
10 145 3
11 145 3
12 145 3
13 145 3
14 145 3
15 145 3
16 145 3
17 145 3
18 145 3
19 145 3
20 145 3
21 145 3
22 145 3
23 145 3
24 145 3
25 145 3
26 145 3
27 145 3
28 145 3
29 145 3
30 145 3
31 145 3
32 145 3
33 145 3
34 145 3
35 145 3
36 145 3
37 145 3
38 145 3
39 145 3
40 145 3
41 145 3
42 145 3
43 145 3
44 145 3
45 145 3
46 145 3
47 145 3
48 145 3
49 145 3
50 145 3
1 146 7
2 146 7
3 146 7
4 146 7
5 146 7
6 146 7
7 146 7
8 146 7
9 146 7
10 146 7
11 146 7
12 146 7
13 146 7
14 146 7
15 146 7
16 146 7
17 146 7
18 146 7
19 146 7
20 146 7
21 146 7
22 146 7
23 146 7
24 146 7
25 146 7
26 146 7
27 146 7
28 146 7
29 146 7
30 146 7
31 146 7
32 146 7
33 146 7
34 146 7
35 146 7
36 146 7
37 146 7
38 146 7
39 146 7
40 146 7
41 146 7
42 146 7
43 146 7
44 146 7
45 146 7
46 146 7
47 146 7
48 146 7
49 146 7
50 146 7
1 147 7
2 147 7
3 147 7
4 147 7
5 147 7
6 147 7
7 147 7
8 147 7
9 147 7
10 147 7
11 147 7
12 147 7
13 147 7
14 147 7
15 147 7
16 147 7
17 147 7
18 147 7
19 147 7
20 147 7
21 147 7
22 147 7
23 147 7
24 147 7
25 147 7
26 147 7
27 147 7
28 147 7
29 147 7
30 147 7
31 147 7
32 147 7
33 147 7
34 147 7
35 147 7
36 147 7
37 147 7
38 147 7
39 147 7
40 147 7
41 147 7
42 147 7
43 147 7
44 147 7
45 147 7
46 147 7
47 147 7
48 147 7
49 147 7
50 147 7
1 148 8
2 148 8
3 148 8
4 148 8
5 148 8
6 148 8
7 148 8
8 148 8
9 148 8
10 148 8
11 148 8
12 148 8
13 148 8
14 148 8
15 148 8
16 148 8
17 148 8
18 148 8
19 148 8
20 148 8
21 148 8
22 148 8
23 148 8
24 148 8
25 148 8
26 148 8
27 148 8
28 148 8
29 148 8
30 148 8
31 148 8
32 148 8
33 148 8
34 148 8
35 148 8
36 148 8
37 148 8
38 148 8
39 148 8
40 148 8
41 148 8
42 148 8
43 148 8
44 148 8
45 148 8
46 148 8
47 148 8
48 148 8
49 148 8
50 148 8
1 149 9
2 149 9
3 149 9
4 149 9
5 149 9
6 149 9
7 149 9
8 149 9
9 149 9
10 149 9
11 149 9
12 149 9
13 149 9
14 149 9
15 149 9
16 149 9
17 149 9
18 149 9
19 149 9
20 149 9
21 149 9
22 149 9
23 149 9
24 149 9
25 149 9
26 149 9
27 149 9
28 149 9
29 149 9
30 149 9
31 149 9
32 149 9
33 149 9
34 149 9
35 149 9
36 149 9
37 149 9
38 149 9
39 149 9
40 149 9
41 149 9
42 149 9
43 149 9
44 149 9
45 149 9
46 149 9
47 149 9
48 149 9
49 149 9
50 149 9
1 150 5
2 150 5
3 150 5
4 150 5
5 150 5
6 150 5
7 150 5
8 150 5
9 150 5
10 150 5
11 150 5
12 150 5
13 150 5
14 150 5
15 150 5
16 150 5
17 150 5
18 150 5
19 150 5
20 150 5
21 150 5
22 150 5
23 150 5
24 150 5
25 150 5
26 150 5
27 150 5
28 150 5
29 150 5
30 150 5
31 150 5
32 150 5
33 150 5
34 150 5
35 150 5
36 150 5
37 150 5
38 150 5
39 150 5
40 150 5
41 150 5
42 150 5
43 150 5
44 150 5
45 150 5
46 150 5
47 150 5
48 150 5
49 150 5
50 150 5
1 151 2
2 151 2
3 151 2
4 151 2
5 151 2
6 151 2
7 151 2
8 151 2
9 151 2
10 151 2
11 151 2
12 151 2
13 151 2
14 151 2
15 151 2
16 151 2
17 151 2
18 151 2
19 151 2
20 151 2
21 151 2
22 151 2
23 151 2
24 151 2
25 151 2
26 151 2
27 151 2
28 151 2
29 151 2
30 151 2
31 151 2
32 151 2
33 151 2
34 151 2
35 151 2
36 151 2
37 151 2
38 151 2
39 151 2
40 151 2
41 151 2
42 151 2
43 151 2
44 151 2
45 151 2
46 151 2
47 151 2
48 151 2
49 151 2
50 151 2
1 152 8
2 152 8
3 152 8
4 152 8
5 152 8
6 152 8
7 152 8
8 152 8
9 152 8
10 152 8
11 152 8
12 152 8
13 152 8
14 152 8
15 152 8
16 152 8
17 152 8
18 152 8
19 152 8
20 152 8
21 152 8
22 152 8
23 152 8
24 152 8
25 152 8
26 152 8
27 152 8
28 152 8
29 152 8
30 152 8
31 152 8
32 152 8
33 152 8
34 152 8
35 152 8
36 152 8
37 152 8
38 152 8
39 152 8
40 152 8
41 152 8
42 152 8
43 152 8
44 152 8
45 152 8
46 152 8
47 152 8
48 152 8
49 152 8
50 152 8
1 153 2
2 153 2
3 153 2
4 153 2
5 153 2
6 153 2
7 153 2
8 153 2
9 153 2
10 153 2
11 153 2
12 153 2
13 153 2
14 153 2
15 153 2
16 153 2
17 153 2
18 153 2
19 153 2
20 153 2
21 153 2
22 153 2
23 153 2
24 153 2
25 153 2
26 153 2
27 153 2
28 153 2
29 153 2
30 153 2
31 153 2
32 153 2
33 153 2
34 153 2
35 153 2
36 153 2
37 153 2
38 153 2
39 153 2
40 153 2
41 153 2
42 153 2
43 153 2
44 153 2
45 153 2
46 153 2
47 153 2
48 153 2
49 153 2
50 153 2
1 154 9
2 154 9
3 154 9
4 154 9
5 154 9
6 154 9
7 154 9
8 154 9
9 154 9
10 154 9
11 154 9
12 154 9
13 154 9
14 154 9
15 154 9
16 154 9
17 154 9
18 154 9
19 154 9
20 154 9
21 154 9
22 154 9
23 154 9
24 154 9
25 154 9
26 154 9
27 154 9
28 154 9
29 154 9
30 154 9
31 154 9
32 154 9
33 154 9
34 154 9
35 154 9
36 154 9
37 154 9
38 154 9
39 154 9
40 154 9
41 154 9
42 154 9
43 154 9
44 154 9
45 154 9
46 154 9
47 154 9
48 154 9
49 154 9
50 154 9
1 155 8
2 155 8
3 155 8
4 155 8
5 155 8
6 155 8
7 155 8
8 155 8
9 155 8
10 155 8
11 155 8
12 155 8
13 155 8
14 155 8
15 155 8
16 155 8
17 155 8
18 155 8
19 155 8
20 155 8
21 155 8
22 155 8
23 155 8
24 155 8
25 155 8
26 155 8
27 155 8
28 155 8
29 155 8
30 155 8
31 155 8
32 155 8
33 155 8
34 155 8
35 155 8
36 155 8
37 155 8
38 155 8
39 155 8
40 155 8
41 155 8
42 155 8
43 155 8
44 155 8
45 155 8
46 155 8
47 155 8
48 155 8
49 155 8
50 155 8
1 156 9
2 156 9
3 156 9
4 156 9
5 156 9
6 156 9
7 156 9
8 156 9
9 156 9
10 156 9
11 156 9
12 156 9
13 156 9
14 156 9
15 156 9
16 156 9
17 156 9
18 156 9
19 156 9
20 156 9
21 156 9
22 156 9
23 156 9
24 156 9
25 156 9
26 156 9
27 156 9
28 156 9
29 156 9
30 156 9
31 156 9
32 156 9
33 156 9
34 156 9
35 156 9
36 156 9
37 156 9
38 156 9
39 156 9
40 156 9
41 156 9
42 156 9
43 156 9
44 156 9
45 156 9
46 156 9
47 156 9
48 156 9
49 156 9
50 156 9
1 157 8
2 157 8
3 157 8
4 157 8
5 157 8
6 157 8
7 157 8
8 157 8
9 157 8
10 157 8
11 157 8
12 157 8
13 157 8
14 157 8
15 157 8
16 157 8
17 157 8
18 157 8
19 157 8
20 157 8
21 157 8
22 157 8
23 157 8
24 157 8
25 157 8
26 157 8
27 157 8
28 157 8
29 157 8
30 157 8
31 157 8
32 157 8
33 157 8
34 157 8
35 157 8
36 157 8
37 157 8
38 157 8
39 157 8
40 157 8
41 157 8
42 157 8
43 157 8
44 157 8
45 157 8
46 157 8
47 157 8
48 157 8
49 157 8
50 157 8
1 158 8
2 158 8
3 158 8
4 158 8
5 158 8
6 158 8
7 158 8
8 158 8
9 158 8
10 158 8
11 158 8
12 158 8
13 158 8
14 158 8
15 158 8
16 158 8
17 158 8
18 158 8
19 158 8
20 158 8
21 158 8
22 158 8
23 158 8
24 158 8
25 158 8
26 158 8
27 158 8
28 158 8
29 158 8
30 158 8
31 158 8
32 158 8
33 158 8
34 158 8
35 158 8
36 158 8
37 158 8
38 158 8
39 158 8
40 158 8
41 158 8
42 158 8
43 158 8
44 158 8
45 158 8
46 158 8
47 158 8
48 158 8
49 158 8
50 158 8
1 159 5
2 159 5
3 159 5
4 159 5
5 159 5
6 159 5
7 159 5
8 159 5
9 159 5
10 159 5
11 159 5
12 159 5
13 159 5
14 159 5
15 159 5
16 159 5
17 159 5
18 159 5
19 159 5
20 159 5
21 159 5
22 159 5
23 159 5
24 159 5
25 159 5
26 159 5
27 159 5
28 159 5
29 159 5
30 159 5
31 159 5
32 159 5
33 159 5
34 159 5
35 159 5
36 159 5
37 159 5
38 159 5
39 159 5
40 159 5
41 159 5
42 159 5
43 159 5
44 159 5
45 159 5
46 159 5
47 159 5
48 159 5
49 159 5
50 159 5
1 160 5
2 160 5
3 160 5
4 160 5
5 160 5
6 160 5
7 160 5
8 160 5
9 160 5
10 160 5
11 160 5
12 160 5
13 160 5
14 160 5
15 160 5
16 160 5
17 160 5
18 160 5
19 160 5
20 160 5
21 160 5
22 160 5
23 160 5
24 160 5
25 160 5
26 160 5
27 160 5
28 160 5
29 160 5
30 160 5
31 160 5
32 160 5
33 160 5
34 160 5
35 160 5
36 160 5
37 160 5
38 160 5
39 160 5
40 160 5
41 160 5
42 160 5
43 160 5
44 160 5
45 160 5
46 160 5
47 160 5
48 160 5
49 160 5
50 160 5
1 161 10
2 161 10
3 161 10
4 161 10
5 161 10
6 161 10
7 161 10
8 161 10
9 161 10
10 161 10
11 161 10
12 161 10
13 161 10
14 161 10
15 161 10
16 161 10
17 161 10
18 161 10
19 161 10
20 161 10
21 161 10
22 161 10
23 161 10
24 161 10
25 161 10
26 161 10
27 161 10
28 161 10
29 161 10
30 161 10
31 161 10
32 161 10
33 161 10
34 161 10
35 161 10
36 161 10
37 161 10
38 161 10
39 161 10
40 161 10
41 161 10
42 161 10
43 161 10
44 161 10
45 161 10
46 161 10
47 161 10
48 161 10
49 161 10
50 161 10
1 162 2
2 162 2
3 162 2
4 162 2
5 162 2
6 162 2
7 162 2
8 162 2
9 162 2
10 162 2
11 162 2
12 162 2
13 162 2
14 162 2
15 162 2
16 162 2
17 162 2
18 162 2
19 162 2
20 162 2
21 162 2
22 162 2
23 162 2
24 162 2
25 162 2
26 162 2
27 162 2
28 162 2
29 162 2
30 162 2
31 162 2
32 162 2
33 162 2
34 162 2
35 162 2
36 162 2
37 162 2
38 162 2
39 162 2
40 162 2
41 162 2
42 162 2
43 162 2
44 162 2
45 162 2
46 162 2
47 162 2
48 162 2
49 162 2
50 162 2
1 163 6
2 163 6
3 163 6
4 163 6
5 163 6
6 163 6
7 163 6
8 163 6
9 163 6
10 163 6
11 163 6
12 163 6
13 163 6
14 163 6
15 163 6
16 163 6
17 163 6
18 163 6
19 163 6
20 163 6
21 163 6
22 163 6
23 163 6
24 163 6
25 163 6
26 163 6
27 163 6
28 163 6
29 163 6
30 163 6
31 163 6
32 163 6
33 163 6
34 163 6
35 163 6
36 163 6
37 163 6
38 163 6
39 163 6
40 163 6
41 163 6
42 163 6
43 163 6
44 163 6
45 163 6
46 163 6
47 163 6
48 163 6
49 163 6
50 163 6
1 164 6
2 164 6
3 164 6
4 164 6
5 164 6
6 164 6
7 164 6
8 164 6
9 164 6
10 164 6
11 164 6
12 164 6
13 164 6
14 164 6
15 164 6
16 164 6
17 164 6
18 164 6
19 164 6
20 164 6
21 164 6
22 164 6
23 164 6
24 164 6
25 164 6
26 164 6
27 164 6
28 164 6
29 164 6
30 164 6
31 164 6
32 164 6
33 164 6
34 164 6
35 164 6
36 164 6
37 164 6
38 164 6
39 164 6
40 164 6
41 164 6
42 164 6
43 164 6
44 164 6
45 164 6
46 164 6
47 164 6
48 164 6
49 164 6
50 164 6
1 165 6
2 165 6
3 165 6
4 165 6
5 165 6
6 165 6
7 165 6
8 165 6
9 165 6
10 165 6
11 165 6
12 165 6
13 165 6
14 165 6
15 165 6
16 165 6
17 165 6
18 165 6
19 165 6
20 165 6
21 165 6
22 165 6
23 165 6
24 165 6
25 165 6
26 165 6
27 165 6
28 165 6
29 165 6
30 165 6
31 165 6
32 165 6
33 165 6
34 165 6
35 165 6
36 165 6
37 165 6
38 165 6
39 165 6
40 165 6
41 165 6
42 165 6
43 165 6
44 165 6
45 165 6
46 165 6
47 165 6
48 165 6
49 165 6
50 165 6
1 166 9
2 166 9
3 166 9
4 166 9
5 166 9
6 166 9
7 166 9
8 166 9
9 166 9
10 166 9
11 166 9
12 166 9
13 166 9
14 166 9
15 166 9
16 166 9
17 166 9
18 166 9
19 166 9
20 166 9
21 166 9
22 166 9
23 166 9
24 166 9
25 166 9
26 166 9
27 166 9
28 166 9
29 166 9
30 166 9
31 166 9
32 166 9
33 166 9
34 166 9
35 166 9
36 166 9
37 166 9
38 166 9
39 166 9
40 166 9
41 166 9
42 166 9
43 166 9
44 166 9
45 166 9
46 166 9
47 166 9
48 166 9
49 166 9
50 166 9
1 167 3
2 167 3
3 167 3
4 167 3
5 167 3
6 167 3
7 167 3
8 167 3
9 167 3
10 167 3
11 167 3
12 167 3
13 167 3
14 167 3
15 167 3
16 167 3
17 167 3
18 167 3
19 167 3
20 167 3
21 167 3
22 167 3
23 167 3
24 167 3
25 167 3
26 167 3
27 167 3
28 167 3
29 167 3
30 167 3
31 167 3
32 167 3
33 167 3
34 167 3
35 167 3
36 167 3
37 167 3
38 167 3
39 167 3
40 167 3
41 167 3
42 167 3
43 167 3
44 167 3
45 167 3
46 167 3
47 167 3
48 167 3
49 167 3
50 167 3
1 168 10
2 168 10
3 168 10
4 168 10
5 168 10
6 168 10
7 168 10
8 168 10
9 168 10
10 168 10
11 168 10
12 168 10
13 168 10
14 168 10
15 168 10
16 168 10
17 168 10
18 168 10
19 168 10
20 168 10
21 168 10
22 168 10
23 168 10
24 168 10
25 168 10
26 168 10
27 168 10
28 168 10
29 168 10
30 168 10
31 168 10
32 168 10
33 168 10
34 168 10
35 168 10
36 168 10
37 168 10
38 168 10
39 168 10
40 168 10
41 168 10
42 168 10
43 168 10
44 168 10
45 168 10
46 168 10
47 168 10
48 168 10
49 168 10
50 168 10
1 169 9
2 169 9
3 169 9
4 169 9
5 169 9
6 169 9
7 169 9
8 169 9
9 169 9
10 169 9
11 169 9
12 169 9
13 169 9
14 169 9
15 169 9
16 169 9
17 169 9
18 169 9
19 169 9
20 169 9
21 169 9
22 169 9
23 169 9
24 169 9
25 169 9
26 169 9
27 169 9
28 169 9
29 169 9
30 169 9
31 169 9
32 169 9
33 169 9
34 169 9
35 169 9
36 169 9
37 169 9
38 169 9
39 169 9
40 169 9
41 169 9
42 169 9
43 169 9
44 169 9
45 169 9
46 169 9
47 169 9
48 169 9
49 169 9
50 169 9
1 170 3
2 170 3
3 170 3
4 170 3
5 170 3
6 170 3
7 170 3
8 170 3
9 170 3
10 170 3
11 170 3
12 170 3
13 170 3
14 170 3
15 170 3
16 170 3
17 170 3
18 170 3
19 170 3
20 170 3
21 170 3
22 170 3
23 170 3
24 170 3
25 170 3
26 170 3
27 170 3
28 170 3
29 170 3
30 170 3
31 170 3
32 170 3
33 170 3
34 170 3
35 170 3
36 170 3
37 170 3
38 170 3
39 170 3
40 170 3
41 170 3
42 170 3
43 170 3
44 170 3
45 170 3
46 170 3
47 170 3
48 170 3
49 170 3
50 170 3
1 171 1
2 171 1
3 171 1
4 171 1
5 171 1
6 171 1
7 171 1
8 171 1
9 171 1
10 171 1
11 171 1
12 171 1
13 171 1
14 171 1
15 171 1
16 171 1
17 171 1
18 171 1
19 171 1
20 171 1
21 171 1
22 171 1
23 171 1
24 171 1
25 171 1
26 171 1
27 171 1
28 171 1
29 171 1
30 171 1
31 171 1
32 171 1
33 171 1
34 171 1
35 171 1
36 171 1
37 171 1
38 171 1
39 171 1
40 171 1
41 171 1
42 171 1
43 171 1
44 171 1
45 171 1
46 171 1
47 171 1
48 171 1
49 171 1
50 171 1
1 172 8
2 172 8
3 172 8
4 172 8
5 172 8
6 172 8
7 172 8
8 172 8
9 172 8
10 172 8
11 172 8
12 172 8
13 172 8
14 172 8
15 172 8
16 172 8
17 172 8
18 172 8
19 172 8
20 172 8
21 172 8
22 172 8
23 172 8
24 172 8
25 172 8
26 172 8
27 172 8
28 172 8
29 172 8
30 172 8
31 172 8
32 172 8
33 172 8
34 172 8
35 172 8
36 172 8
37 172 8
38 172 8
39 172 8
40 172 8
41 172 8
42 172 8
43 172 8
44 172 8
45 172 8
46 172 8
47 172 8
48 172 8
49 172 8
50 172 8
1 173 5
2 173 5
3 173 5
4 173 5
5 173 5
6 173 5
7 173 5
8 173 5
9 173 5
10 173 5
11 173 5
12 173 5
13 173 5
14 173 5
15 173 5
16 173 5
17 173 5
18 173 5
19 173 5
20 173 5
21 173 5
22 173 5
23 173 5
24 173 5
25 173 5
26 173 5
27 173 5
28 173 5
29 173 5
30 173 5
31 173 5
32 173 5
33 173 5
34 173 5
35 173 5
36 173 5
37 173 5
38 173 5
39 173 5
40 173 5
41 173 5
42 173 5
43 173 5
44 173 5
45 173 5
46 173 5
47 173 5
48 173 5
49 173 5
50 173 5
1 174 9
2 174 9
3 174 9
4 174 9
5 174 9
6 174 9
7 174 9
8 174 9
9 174 9
10 174 9
11 174 9
12 174 9
13 174 9
14 174 9
15 174 9
16 174 9
17 174 9
18 174 9
19 174 9
20 174 9
21 174 9
22 174 9
23 174 9
24 174 9
25 174 9
26 174 9
27 174 9
28 174 9
29 174 9
30 174 9
31 174 9
32 174 9
33 174 9
34 174 9
35 174 9
36 174 9
37 174 9
38 174 9
39 174 9
40 174 9
41 174 9
42 174 9
43 174 9
44 174 9
45 174 9
46 174 9
47 174 9
48 174 9
49 174 9
50 174 9
1 175 6
2 175 6
3 175 6
4 175 6
5 175 6
6 175 6
7 175 6
8 175 6
9 175 6
10 175 6
11 175 6
12 175 6
13 175 6
14 175 6
15 175 6
16 175 6
17 175 6
18 175 6
19 175 6
20 175 6
21 175 6
22 175 6
23 175 6
24 175 6
25 175 6
26 175 6
27 175 6
28 175 6
29 175 6
30 175 6
31 175 6
32 175 6
33 175 6
34 175 6
35 175 6
36 175 6
37 175 6
38 175 6
39 175 6
40 175 6
41 175 6
42 175 6
43 175 6
44 175 6
45 175 6
46 175 6
47 175 6
48 175 6
49 175 6
50 175 6
1 176 9
2 176 9
3 176 9
4 176 9
5 176 9
6 176 9
7 176 9
8 176 9
9 176 9
10 176 9
11 176 9
12 176 9
13 176 9
14 176 9
15 176 9
16 176 9
17 176 9
18 176 9
19 176 9
20 176 9
21 176 9
22 176 9
23 176 9
24 176 9
25 176 9
26 176 9
27 176 9
28 176 9
29 176 9
30 176 9
31 176 9
32 176 9
33 176 9
34 176 9
35 176 9
36 176 9
37 176 9
38 176 9
39 176 9
40 176 9
41 176 9
42 176 9
43 176 9
44 176 9
45 176 9
46 176 9
47 176 9
48 176 9
49 176 9
50 176 9
1 177 4
2 177 4
3 177 4
4 177 4
5 177 4
6 177 4
7 177 4
8 177 4
9 177 4
10 177 4
11 177 4
12 177 4
13 177 4
14 177 4
15 177 4
16 177 4
17 177 4
18 177 4
19 177 4
20 177 4
21 177 4
22 177 4
23 177 4
24 177 4
25 177 4
26 177 4
27 177 4
28 177 4
29 177 4
30 177 4
31 177 4
32 177 4
33 177 4
34 177 4
35 177 4
36 177 4
37 177 4
38 177 4
39 177 4
40 177 4
41 177 4
42 177 4
43 177 4
44 177 4
45 177 4
46 177 4
47 177 4
48 177 4
49 177 4
50 177 4
1 178 1
2 178 1
3 178 1
4 178 1
5 178 1
6 178 1
7 178 1
8 178 1
9 178 1
10 178 1
11 178 1
12 178 1
13 178 1
14 178 1
15 178 1
16 178 1
17 178 1
18 178 1
19 178 1
20 178 1
21 178 1
22 178 1
23 178 1
24 178 1
25 178 1
26 178 1
27 178 1
28 178 1
29 178 1
30 178 1
31 178 1
32 178 1
33 178 1
34 178 1
35 178 1
36 178 1
37 178 1
38 178 1
39 178 1
40 178 1
41 178 1
42 178 1
43 178 1
44 178 1
45 178 1
46 178 1
47 178 1
48 178 1
49 178 1
50 178 1
1 179 7
2 179 7
3 179 7
4 179 7
5 179 7
6 179 7
7 179 7
8 179 7
9 179 7
10 179 7
11 179 7
12 179 7
13 179 7
14 179 7
15 179 7
16 179 7
17 179 7
18 179 7
19 179 7
20 179 7
21 179 7
22 179 7
23 179 7
24 179 7
25 179 7
26 179 7
27 179 7
28 179 7
29 179 7
30 179 7
31 179 7
32 179 7
33 179 7
34 179 7
35 179 7
36 179 7
37 179 7
38 179 7
39 179 7
40 179 7
41 179 7
42 179 7
43 179 7
44 179 7
45 179 7
46 179 7
47 179 7
48 179 7
49 179 7
50 179 7
1 180 3
2 180 3
3 180 3
4 180 3
5 180 3
6 180 3
7 180 3
8 180 3
9 180 3
10 180 3
11 180 3
12 180 3
13 180 3
14 180 3
15 180 3
16 180 3
17 180 3
18 180 3
19 180 3
20 180 3
21 180 3
22 180 3
23 180 3
24 180 3
25 180 3
26 180 3
27 180 3
28 180 3
29 180 3
30 180 3
31 180 3
32 180 3
33 180 3
34 180 3
35 180 3
36 180 3
37 180 3
38 180 3
39 180 3
40 180 3
41 180 3
42 180 3
43 180 3
44 180 3
45 180 3
46 180 3
47 180 3
48 180 3
49 180 3
50 180 3
1 181 3
2 181 3
3 181 3
4 181 3
5 181 3
6 181 3
7 181 3
8 181 3
9 181 3
10 181 3
11 181 3
12 181 3
13 181 3
14 181 3
15 181 3
16 181 3
17 181 3
18 181 3
19 181 3
20 181 3
21 181 3
22 181 3
23 181 3
24 181 3
25 181 3
26 181 3
27 181 3
28 181 3
29 181 3
30 181 3
31 181 3
32 181 3
33 181 3
34 181 3
35 181 3
36 181 3
37 181 3
38 181 3
39 181 3
40 181 3
41 181 3
42 181 3
43 181 3
44 181 3
45 181 3
46 181 3
47 181 3
48 181 3
49 181 3
50 181 3
1 182 6
2 182 6
3 182 6
4 182 6
5 182 6
6 182 6
7 182 6
8 182 6
9 182 6
10 182 6
11 182 6
12 182 6
13 182 6
14 182 6
15 182 6
16 182 6
17 182 6
18 182 6
19 182 6
20 182 6
21 182 6
22 182 6
23 182 6
24 182 6
25 182 6
26 182 6
27 182 6
28 182 6
29 182 6
30 182 6
31 182 6
32 182 6
33 182 6
34 182 6
35 182 6
36 182 6
37 182 6
38 182 6
39 182 6
40 182 6
41 182 6
42 182 6
43 182 6
44 182 6
45 182 6
46 182 6
47 182 6
48 182 6
49 182 6
50 182 6
1 183 3
2 183 3
3 183 3
4 183 3
5 183 3
6 183 3
7 183 3
8 183 3
9 183 3
10 183 3
11 183 3
12 183 3
13 183 3
14 183 3
15 183 3
16 183 3
17 183 3
18 183 3
19 183 3
20 183 3
21 183 3
22 183 3
23 183 3
24 183 3
25 183 3
26 183 3
27 183 3
28 183 3
29 183 3
30 183 3
31 183 3
32 183 3
33 183 3
34 183 3
35 183 3
36 183 3
37 183 3
38 183 3
39 183 3
40 183 3
41 183 3
42 183 3
43 183 3
44 183 3
45 183 3
46 183 3
47 183 3
48 183 3
49 183 3
50 183 3
1 184 3
2 184 3
3 184 3
4 184 3
5 184 3
6 184 3
7 184 3
8 184 3
9 184 3
10 184 3
11 184 3
12 184 3
13 184 3
14 184 3
15 184 3
16 184 3
17 184 3
18 184 3
19 184 3
20 184 3
21 184 3
22 184 3
23 184 3
24 184 3
25 184 3
26 184 3
27 184 3
28 184 3
29 184 3
30 184 3
31 184 3
32 184 3
33 184 3
34 184 3
35 184 3
36 184 3
37 184 3
38 184 3
39 184 3
40 184 3
41 184 3
42 184 3
43 184 3
44 184 3
45 184 3
46 184 3
47 184 3
48 184 3
49 184 3
50 184 3
1 185 8
2 185 8
3 185 8
4 185 8
5 185 8
6 185 8
7 185 8
8 185 8
9 185 8
10 185 8
11 185 8
12 185 8
13 185 8
14 185 8
15 185 8
16 185 8
17 185 8
18 185 8
19 185 8
20 185 8
21 185 8
22 185 8
23 185 8
24 185 8
25 185 8
26 185 8
27 185 8
28 185 8
29 185 8
30 185 8
31 185 8
32 185 8
33 185 8
34 185 8
35 185 8
36 185 8
37 185 8
38 185 8
39 185 8
40 185 8
41 185 8
42 185 8
43 185 8
44 185 8
45 185 8
46 185 8
47 185 8
48 185 8
49 185 8
50 185 8
1 186 2
2 186 2
3 186 2
4 186 2
5 186 2
6 186 2
7 186 2
8 186 2
9 186 2
10 186 2
11 186 2
12 186 2
13 186 2
14 186 2
15 186 2
16 186 2
17 186 2
18 186 2
19 186 2
20 186 2
21 186 2
22 186 2
23 186 2
24 186 2
25 186 2
26 186 2
27 186 2
28 186 2
29 186 2
30 186 2
31 186 2
32 186 2
33 186 2
34 186 2
35 186 2
36 186 2
37 186 2
38 186 2
39 186 2
40 186 2
41 186 2
42 186 2
43 186 2
44 186 2
45 186 2
46 186 2
47 186 2
48 186 2
49 186 2
50 186 2
1 187 6
2 187 6
3 187 6
4 187 6
5 187 6
6 187 6
7 187 6
8 187 6
9 187 6
10 187 6
11 187 6
12 187 6
13 187 6
14 187 6
15 187 6
16 187 6
17 187 6
18 187 6
19 187 6
20 187 6
21 187 6
22 187 6
23 187 6
24 187 6
25 187 6
26 187 6
27 187 6
28 187 6
29 187 6
30 187 6
31 187 6
32 187 6
33 187 6
34 187 6
35 187 6
36 187 6
37 187 6
38 187 6
39 187 6
40 187 6
41 187 6
42 187 6
43 187 6
44 187 6
45 187 6
46 187 6
47 187 6
48 187 6
49 187 6
50 187 6
1 188 3
2 188 3
3 188 3
4 188 3
5 188 3
6 188 3
7 188 3
8 188 3
9 188 3
10 188 3
11 188 3
12 188 3
13 188 3
14 188 3
15 188 3
16 188 3
17 188 3
18 188 3
19 188 3
20 188 3
21 188 3
22 188 3
23 188 3
24 188 3
25 188 3
26 188 3
27 188 3
28 188 3
29 188 3
30 188 3
31 188 3
32 188 3
33 188 3
34 188 3
35 188 3
36 188 3
37 188 3
38 188 3
39 188 3
40 188 3
41 188 3
42 188 3
43 188 3
44 188 3
45 188 3
46 188 3
47 188 3
48 188 3
49 188 3
50 188 3
1 189 2
2 189 2
3 189 2
4 189 2
5 189 2
6 189 2
7 189 2
8 189 2
9 189 2
10 189 2
11 189 2
12 189 2
13 189 2
14 189 2
15 189 2
16 189 2
17 189 2
18 189 2
19 189 2
20 189 2
21 189 2
22 189 2
23 189 2
24 189 2
25 189 2
26 189 2
27 189 2
28 189 2
29 189 2
30 189 2
31 189 2
32 189 2
33 189 2
34 189 2
35 189 2
36 189 2
37 189 2
38 189 2
39 189 2
40 189 2
41 189 2
42 189 2
43 189 2
44 189 2
45 189 2
46 189 2
47 189 2
48 189 2
49 189 2
50 189 2
1 190 2
2 190 2
3 190 2
4 190 2
5 190 2
6 190 2
7 190 2
8 190 2
9 190 2
10 190 2
11 190 2
12 190 2
13 190 2
14 190 2
15 190 2
16 190 2
17 190 2
18 190 2
19 190 2
20 190 2
21 190 2
22 190 2
23 190 2
24 190 2
25 190 2
26 190 2
27 190 2
28 190 2
29 190 2
30 190 2
31 190 2
32 190 2
33 190 2
34 190 2
35 190 2
36 190 2
37 190 2
38 190 2
39 190 2
40 190 2
41 190 2
42 190 2
43 190 2
44 190 2
45 190 2
46 190 2
47 190 2
48 190 2
49 190 2
50 190 2
1 191 1
2 191 1
3 191 1
4 191 1
5 191 1
6 191 1
7 191 1
8 191 1
9 191 1
10 191 1
11 191 1
12 191 1
13 191 1
14 191 1
15 191 1
16 191 1
17 191 1
18 191 1
19 191 1
20 191 1
21 191 1
22 191 1
23 191 1
24 191 1
25 191 1
26 191 1
27 191 1
28 191 1
29 191 1
30 191 1
31 191 1
32 191 1
33 191 1
34 191 1
35 191 1
36 191 1
37 191 1
38 191 1
39 191 1
40 191 1
41 191 1
42 191 1
43 191 1
44 191 1
45 191 1
46 191 1
47 191 1
48 191 1
49 191 1
50 191 1
1 192 2
2 192 2
3 192 2
4 192 2
5 192 2
6 192 2
7 192 2
8 192 2
9 192 2
10 192 2
11 192 2
12 192 2
13 192 2
14 192 2
15 192 2
16 192 2
17 192 2
18 192 2
19 192 2
20 192 2
21 192 2
22 192 2
23 192 2
24 192 2
25 192 2
26 192 2
27 192 2
28 192 2
29 192 2
30 192 2
31 192 2
32 192 2
33 192 2
34 192 2
35 192 2
36 192 2
37 192 2
38 192 2
39 192 2
40 192 2
41 192 2
42 192 2
43 192 2
44 192 2
45 192 2
46 192 2
47 192 2
48 192 2
49 192 2
50 192 2
1 193 9
2 193 9
3 193 9
4 193 9
5 193 9
6 193 9
7 193 9
8 193 9
9 193 9
10 193 9
11 193 9
12 193 9
13 193 9
14 193 9
15 193 9
16 193 9
17 193 9
18 193 9
19 193 9
20 193 9
21 193 9
22 193 9
23 193 9
24 193 9
25 193 9
26 193 9
27 193 9
28 193 9
29 193 9
30 193 9
31 193 9
32 193 9
33 193 9
34 193 9
35 193 9
36 193 9
37 193 9
38 193 9
39 193 9
40 193 9
41 193 9
42 193 9
43 193 9
44 193 9
45 193 9
46 193 9
47 193 9
48 193 9
49 193 9
50 193 9
1 194 8
2 194 8
3 194 8
4 194 8
5 194 8
6 194 8
7 194 8
8 194 8
9 194 8
10 194 8
11 194 8
12 194 8
13 194 8
14 194 8
15 194 8
16 194 8
17 194 8
18 194 8
19 194 8
20 194 8
21 194 8
22 194 8
23 194 8
24 194 8
25 194 8
26 194 8
27 194 8
28 194 8
29 194 8
30 194 8
31 194 8
32 194 8
33 194 8
34 194 8
35 194 8
36 194 8
37 194 8
38 194 8
39 194 8
40 194 8
41 194 8
42 194 8
43 194 8
44 194 8
45 194 8
46 194 8
47 194 8
48 194 8
49 194 8
50 194 8
1 195 7
2 195 7
3 195 7
4 195 7
5 195 7
6 195 7
7 195 7
8 195 7
9 195 7
10 195 7
11 195 7
12 195 7
13 195 7
14 195 7
15 195 7
16 195 7
17 195 7
18 195 7
19 195 7
20 195 7
21 195 7
22 195 7
23 195 7
24 195 7
25 195 7
26 195 7
27 195 7
28 195 7
29 195 7
30 195 7
31 195 7
32 195 7
33 195 7
34 195 7
35 195 7
36 195 7
37 195 7
38 195 7
39 195 7
40 195 7
41 195 7
42 195 7
43 195 7
44 195 7
45 195 7
46 195 7
47 195 7
48 195 7
49 195 7
50 195 7
1 196 1
2 196 1
3 196 1
4 196 1
5 196 1
6 196 1
7 196 1
8 196 1
9 196 1
10 196 1
11 196 1
12 196 1
13 196 1
14 196 1
15 196 1
16 196 1
17 196 1
18 196 1
19 196 1
20 196 1
21 196 1
22 196 1
23 196 1
24 196 1
25 196 1
26 196 1
27 196 1
28 196 1
29 196 1
30 196 1
31 196 1
32 196 1
33 196 1
34 196 1
35 196 1
36 196 1
37 196 1
38 196 1
39 196 1
40 196 1
41 196 1
42 196 1
43 196 1
44 196 1
45 196 1
46 196 1
47 196 1
48 196 1
49 196 1
50 196 1
1 197 1
2 197 1
3 197 1
4 197 1
5 197 1
6 197 1
7 197 1
8 197 1
9 197 1
10 197 1
11 197 1
12 197 1
13 197 1
14 197 1
15 197 1
16 197 1
17 197 1
18 197 1
19 197 1
20 197 1
21 197 1
22 197 1
23 197 1
24 197 1
25 197 1
26 197 1
27 197 1
28 197 1
29 197 1
30 197 1
31 197 1
32 197 1
33 197 1
34 197 1
35 197 1
36 197 1
37 197 1
38 197 1
39 197 1
40 197 1
41 197 1
42 197 1
43 197 1
44 197 1
45 197 1
46 197 1
47 197 1
48 197 1
49 197 1
50 197 1
1 198 10
2 198 10
3 198 10
4 198 10
5 198 10
6 198 10
7 198 10
8 198 10
9 198 10
10 198 10
11 198 10
12 198 10
13 198 10
14 198 10
15 198 10
16 198 10
17 198 10
18 198 10
19 198 10
20 198 10
21 198 10
22 198 10
23 198 10
24 198 10
25 198 10
26 198 10
27 198 10
28 198 10
29 198 10
30 198 10
31 198 10
32 198 10
33 198 10
34 198 10
35 198 10
36 198 10
37 198 10
38 198 10
39 198 10
40 198 10
41 198 10
42 198 10
43 198 10
44 198 10
45 198 10
46 198 10
47 198 10
48 198 10
49 198 10
50 198 10
1 199 6
2 199 6
3 199 6
4 199 6
5 199 6
6 199 6
7 199 6
8 199 6
9 199 6
10 199 6
11 199 6
12 199 6
13 199 6
14 199 6
15 199 6
16 199 6
17 199 6
18 199 6
19 199 6
20 199 6
21 199 6
22 199 6
23 199 6
24 199 6
25 199 6
26 199 6
27 199 6
28 199 6
29 199 6
30 199 6
31 199 6
32 199 6
33 199 6
34 199 6
35 199 6
36 199 6
37 199 6
38 199 6
39 199 6
40 199 6
41 199 6
42 199 6
43 199 6
44 199 6
45 199 6
46 199 6
47 199 6
48 199 6
49 199 6
50 199 6
1 200 7
2 200 7
3 200 7
4 200 7
5 200 7
6 200 7
7 200 7
8 200 7
9 200 7
10 200 7
11 200 7
12 200 7
13 200 7
14 200 7
15 200 7
16 200 7
17 200 7
18 200 7
19 200 7
20 200 7
21 200 7
22 200 7
23 200 7
24 200 7
25 200 7
26 200 7
27 200 7
28 200 7
29 200 7
30 200 7
31 200 7
32 200 7
33 200 7
34 200 7
35 200 7
36 200 7
37 200 7
38 200 7
39 200 7
40 200 7
41 200 7
42 200 7
43 200 7
44 200 7
45 200 7
46 200 7
47 200 7
48 200 7
49 200 7
50 200 7
1 201 3
2 201 3
3 201 3
4 201 3
5 201 3
6 201 3
7 201 3
8 201 3
9 201 3
10 201 3
11 201 3
12 201 3
13 201 3
14 201 3
15 201 3
16 201 3
17 201 3
18 201 3
19 201 3
20 201 3
21 201 3
22 201 3
23 201 3
24 201 3
25 201 3
26 201 3
27 201 3
28 201 3
29 201 3
30 201 3
31 201 3
32 201 3
33 201 3
34 201 3
35 201 3
36 201 3
37 201 3
38 201 3
39 201 3
40 201 3
41 201 3
42 201 3
43 201 3
44 201 3
45 201 3
46 201 3
47 201 3
48 201 3
49 201 3
50 201 3
1 202 9
2 202 9
3 202 9
4 202 9
5 202 9
6 202 9
7 202 9
8 202 9
9 202 9
10 202 9
11 202 9
12 202 9
13 202 9
14 202 9
15 202 9
16 202 9
17 202 9
18 202 9
19 202 9
20 202 9
21 202 9
22 202 9
23 202 9
24 202 9
25 202 9
26 202 9
27 202 9
28 202 9
29 202 9
30 202 9
31 202 9
32 202 9
33 202 9
34 202 9
35 202 9
36 202 9
37 202 9
38 202 9
39 202 9
40 202 9
41 202 9
42 202 9
43 202 9
44 202 9
45 202 9
46 202 9
47 202 9
48 202 9
49 202 9
50 202 9
1 203 6
2 203 6
3 203 6
4 203 6
5 203 6
6 203 6
7 203 6
8 203 6
9 203 6
10 203 6
11 203 6
12 203 6
13 203 6
14 203 6
15 203 6
16 203 6
17 203 6
18 203 6
19 203 6
20 203 6
21 203 6
22 203 6
23 203 6
24 203 6
25 203 6
26 203 6
27 203 6
28 203 6
29 203 6
30 203 6
31 203 6
32 203 6
33 203 6
34 203 6
35 203 6
36 203 6
37 203 6
38 203 6
39 203 6
40 203 6
41 203 6
42 203 6
43 203 6
44 203 6
45 203 6
46 203 6
47 203 6
48 203 6
49 203 6
50 203 6
1 204 10
2 204 10
3 204 10
4 204 10
5 204 10
6 204 10
7 204 10
8 204 10
9 204 10
10 204 10
11 204 10
12 204 10
13 204 10
14 204 10
15 204 10
16 204 10
17 204 10
18 204 10
19 204 10
20 204 10
21 204 10
22 204 10
23 204 10
24 204 10
25 204 10
26 204 10
27 204 10
28 204 10
29 204 10
30 204 10
31 204 10
32 204 10
33 204 10
34 204 10
35 204 10
36 204 10
37 204 10
38 204 10
39 204 10
40 204 10
41 204 10
42 204 10
43 204 10
44 204 10
45 204 10
46 204 10
47 204 10
48 204 10
49 204 10
50 204 10
1 205 5
2 205 5
3 205 5
4 205 5
5 205 5
6 205 5
7 205 5
8 205 5
9 205 5
10 205 5
11 205 5
12 205 5
13 205 5
14 205 5
15 205 5
16 205 5
17 205 5
18 205 5
19 205 5
20 205 5
21 205 5
22 205 5
23 205 5
24 205 5
25 205 5
26 205 5
27 205 5
28 205 5
29 205 5
30 205 5
31 205 5
32 205 5
33 205 5
34 205 5
35 205 5
36 205 5
37 205 5
38 205 5
39 205 5
40 205 5
41 205 5
42 205 5
43 205 5
44 205 5
45 205 5
46 205 5
47 205 5
48 205 5
49 205 5
50 205 5
1 206 4
2 206 4
3 206 4
4 206 4
5 206 4
6 206 4
7 206 4
8 206 4
9 206 4
10 206 4
11 206 4
12 206 4
13 206 4
14 206 4
15 206 4
16 206 4
17 206 4
18 206 4
19 206 4
20 206 4
21 206 4
22 206 4
23 206 4
24 206 4
25 206 4
26 206 4
27 206 4
28 206 4
29 206 4
30 206 4
31 206 4
32 206 4
33 206 4
34 206 4
35 206 4
36 206 4
37 206 4
38 206 4
39 206 4
40 206 4
41 206 4
42 206 4
43 206 4
44 206 4
45 206 4
46 206 4
47 206 4
48 206 4
49 206 4
50 206 4
1 207 10
2 207 10
3 207 10
4 207 10
5 207 10
6 207 10
7 207 10
8 207 10
9 207 10
10 207 10
11 207 10
12 207 10
13 207 10
14 207 10
15 207 10
16 207 10
17 207 10
18 207 10
19 207 10
20 207 10
21 207 10
22 207 10
23 207 10
24 207 10
25 207 10
26 207 10
27 207 10
28 207 10
29 207 10
30 207 10
31 207 10
32 207 10
33 207 10
34 207 10
35 207 10
36 207 10
37 207 10
38 207 10
39 207 10
40 207 10
41 207 10
42 207 10
43 207 10
44 207 10
45 207 10
46 207 10
47 207 10
48 207 10
49 207 10
50 207 10
1 208 1
2 208 1
3 208 1
4 208 1
5 208 1
6 208 1
7 208 1
8 208 1
9 208 1
10 208 1
11 208 1
12 208 1
13 208 1
14 208 1
15 208 1
16 208 1
17 208 1
18 208 1
19 208 1
20 208 1
21 208 1
22 208 1
23 208 1
24 208 1
25 208 1
26 208 1
27 208 1
28 208 1
29 208 1
30 208 1
31 208 1
32 208 1
33 208 1
34 208 1
35 208 1
36 208 1
37 208 1
38 208 1
39 208 1
40 208 1
41 208 1
42 208 1
43 208 1
44 208 1
45 208 1
46 208 1
47 208 1
48 208 1
49 208 1
50 208 1
1 209 6
2 209 6
3 209 6
4 209 6
5 209 6
6 209 6
7 209 6
8 209 6
9 209 6
10 209 6
11 209 6
12 209 6
13 209 6
14 209 6
15 209 6
16 209 6
17 209 6
18 209 6
19 209 6
20 209 6
21 209 6
22 209 6
23 209 6
24 209 6
25 209 6
26 209 6
27 209 6
28 209 6
29 209 6
30 209 6
31 209 6
32 209 6
33 209 6
34 209 6
35 209 6
36 209 6
37 209 6
38 209 6
39 209 6
40 209 6
41 209 6
42 209 6
43 209 6
44 209 6
45 209 6
46 209 6
47 209 6
48 209 6
49 209 6
50 209 6
1 210 7
2 210 7
3 210 7
4 210 7
5 210 7
6 210 7
7 210 7
8 210 7
9 210 7
10 210 7
11 210 7
12 210 7
13 210 7
14 210 7
15 210 7
16 210 7
17 210 7
18 210 7
19 210 7
20 210 7
21 210 7
22 210 7
23 210 7
24 210 7
25 210 7
26 210 7
27 210 7
28 210 7
29 210 7
30 210 7
31 210 7
32 210 7
33 210 7
34 210 7
35 210 7
36 210 7
37 210 7
38 210 7
39 210 7
40 210 7
41 210 7
42 210 7
43 210 7
44 210 7
45 210 7
46 210 7
47 210 7
48 210 7
49 210 7
50 210 7
1 211 4
2 211 4
3 211 4
4 211 4
5 211 4
6 211 4
7 211 4
8 211 4
9 211 4
10 211 4
11 211 4
12 211 4
13 211 4
14 211 4
15 211 4
16 211 4
17 211 4
18 211 4
19 211 4
20 211 4
21 211 4
22 211 4
23 211 4
24 211 4
25 211 4
26 211 4
27 211 4
28 211 4
29 211 4
30 211 4
31 211 4
32 211 4
33 211 4
34 211 4
35 211 4
36 211 4
37 211 4
38 211 4
39 211 4
40 211 4
41 211 4
42 211 4
43 211 4
44 211 4
45 211 4
46 211 4
47 211 4
48 211 4
49 211 4
50 211 4
1 212 7
2 212 7
3 212 7
4 212 7
5 212 7
6 212 7
7 212 7
8 212 7
9 212 7
10 212 7
11 212 7
12 212 7
13 212 7
14 212 7
15 212 7
16 212 7
17 212 7
18 212 7
19 212 7
20 212 7
21 212 7
22 212 7
23 212 7
24 212 7
25 212 7
26 212 7
27 212 7
28 212 7
29 212 7
30 212 7
31 212 7
32 212 7
33 212 7
34 212 7
35 212 7
36 212 7
37 212 7
38 212 7
39 212 7
40 212 7
41 212 7
42 212 7
43 212 7
44 212 7
45 212 7
46 212 7
47 212 7
48 212 7
49 212 7
50 212 7
1 213 4
2 213 4
3 213 4
4 213 4
5 213 4
6 213 4
7 213 4
8 213 4
9 213 4
10 213 4
11 213 4
12 213 4
13 213 4
14 213 4
15 213 4
16 213 4
17 213 4
18 213 4
19 213 4
20 213 4
21 213 4
22 213 4
23 213 4
24 213 4
25 213 4
26 213 4
27 213 4
28 213 4
29 213 4
30 213 4
31 213 4
32 213 4
33 213 4
34 213 4
35 213 4
36 213 4
37 213 4
38 213 4
39 213 4
40 213 4
41 213 4
42 213 4
43 213 4
44 213 4
45 213 4
46 213 4
47 213 4
48 213 4
49 213 4
50 213 4
1 214 1
2 214 1
3 214 1
4 214 1
5 214 1
6 214 1
7 214 1
8 214 1
9 214 1
10 214 1
11 214 1
12 214 1
13 214 1
14 214 1
15 214 1
16 214 1
17 214 1
18 214 1
19 214 1
20 214 1
21 214 1
22 214 1
23 214 1
24 214 1
25 214 1
26 214 1
27 214 1
28 214 1
29 214 1
30 214 1
31 214 1
32 214 1
33 214 1
34 214 1
35 214 1
36 214 1
37 214 1
38 214 1
39 214 1
40 214 1
41 214 1
42 214 1
43 214 1
44 214 1
45 214 1
46 214 1
47 214 1
48 214 1
49 214 1
50 214 1
1 215 9
2 215 9
3 215 9
4 215 9
5 215 9
6 215 9
7 215 9
8 215 9
9 215 9
10 215 9
11 215 9
12 215 9
13 215 9
14 215 9
15 215 9
16 215 9
17 215 9
18 215 9
19 215 9
20 215 9
21 215 9
22 215 9
23 215 9
24 215 9
25 215 9
26 215 9
27 215 9
28 215 9
29 215 9
30 215 9
31 215 9
32 215 9
33 215 9
34 215 9
35 215 9
36 215 9
37 215 9
38 215 9
39 215 9
40 215 9
41 215 9
42 215 9
43 215 9
44 215 9
45 215 9
46 215 9
47 215 9
48 215 9
49 215 9
50 215 9
1 216 5
2 216 5
3 216 5
4 216 5
5 216 5
6 216 5
7 216 5
8 216 5
9 216 5
10 216 5
11 216 5
12 216 5
13 216 5
14 216 5
15 216 5
16 216 5
17 216 5
18 216 5
19 216 5
20 216 5
21 216 5
22 216 5
23 216 5
24 216 5
25 216 5
26 216 5
27 216 5
28 216 5
29 216 5
30 216 5
31 216 5
32 216 5
33 216 5
34 216 5
35 216 5
36 216 5
37 216 5
38 216 5
39 216 5
40 216 5
41 216 5
42 216 5
43 216 5
44 216 5
45 216 5
46 216 5
47 216 5
48 216 5
49 216 5
50 216 5
1 217 1
2 217 1
3 217 1
4 217 1
5 217 1
6 217 1
7 217 1
8 217 1
9 217 1
10 217 1
11 217 1
12 217 1
13 217 1
14 217 1
15 217 1
16 217 1
17 217 1
18 217 1
19 217 1
20 217 1
21 217 1
22 217 1
23 217 1
24 217 1
25 217 1
26 217 1
27 217 1
28 217 1
29 217 1
30 217 1
31 217 1
32 217 1
33 217 1
34 217 1
35 217 1
36 217 1
37 217 1
38 217 1
39 217 1
40 217 1
41 217 1
42 217 1
43 217 1
44 217 1
45 217 1
46 217 1
47 217 1
48 217 1
49 217 1
50 217 1
1 218 5
2 218 5
3 218 5
4 218 5
5 218 5
6 218 5
7 218 5
8 218 5
9 218 5
10 218 5
11 218 5
12 218 5
13 218 5
14 218 5
15 218 5
16 218 5
17 218 5
18 218 5
19 218 5
20 218 5
21 218 5
22 218 5
23 218 5
24 218 5
25 218 5
26 218 5
27 218 5
28 218 5
29 218 5
30 218 5
31 218 5
32 218 5
33 218 5
34 218 5
35 218 5
36 218 5
37 218 5
38 218 5
39 218 5
40 218 5
41 218 5
42 218 5
43 218 5
44 218 5
45 218 5
46 218 5
47 218 5
48 218 5
49 218 5
50 218 5
1 219 7
2 219 7
3 219 7
4 219 7
5 219 7
6 219 7
7 219 7
8 219 7
9 219 7
10 219 7
11 219 7
12 219 7
13 219 7
14 219 7
15 219 7
16 219 7
17 219 7
18 219 7
19 219 7
20 219 7
21 219 7
22 219 7
23 219 7
24 219 7
25 219 7
26 219 7
27 219 7
28 219 7
29 219 7
30 219 7
31 219 7
32 219 7
33 219 7
34 219 7
35 219 7
36 219 7
37 219 7
38 219 7
39 219 7
40 219 7
41 219 7
42 219 7
43 219 7
44 219 7
45 219 7
46 219 7
47 219 7
48 219 7
49 219 7
50 219 7
1 220 5
2 220 5
3 220 5
4 220 5
5 220 5
6 220 5
7 220 5
8 220 5
9 220 5
10 220 5
11 220 5
12 220 5
13 220 5
14 220 5
15 220 5
16 220 5
17 220 5
18 220 5
19 220 5
20 220 5
21 220 5
22 220 5
23 220 5
24 220 5
25 220 5
26 220 5
27 220 5
28 220 5
29 220 5
30 220 5
31 220 5
32 220 5
33 220 5
34 220 5
35 220 5
36 220 5
37 220 5
38 220 5
39 220 5
40 220 5
41 220 5
42 220 5
43 220 5
44 220 5
45 220 5
46 220 5
47 220 5
48 220 5
49 220 5
50 220 5
1 221 7
2 221 7
3 221 7
4 221 7
5 221 7
6 221 7
7 221 7
8 221 7
9 221 7
10 221 7
11 221 7
12 221 7
13 221 7
14 221 7
15 221 7
16 221 7
17 221 7
18 221 7
19 221 7
20 221 7
21 221 7
22 221 7
23 221 7
24 221 7
25 221 7
26 221 7
27 221 7
28 221 7
29 221 7
30 221 7
31 221 7
32 221 7
33 221 7
34 221 7
35 221 7
36 221 7
37 221 7
38 221 7
39 221 7
40 221 7
41 221 7
42 221 7
43 221 7
44 221 7
45 221 7
46 221 7
47 221 7
48 221 7
49 221 7
50 221 7
1 222 5
2 222 5
3 222 5
4 222 5
5 222 5
6 222 5
7 222 5
8 222 5
9 222 5
10 222 5
11 222 5
12 222 5
13 222 5
14 222 5
15 222 5
16 222 5
17 222 5
18 222 5
19 222 5
20 222 5
21 222 5
22 222 5
23 222 5
24 222 5
25 222 5
26 222 5
27 222 5
28 222 5
29 222 5
30 222 5
31 222 5
32 222 5
33 222 5
34 222 5
35 222 5
36 222 5
37 222 5
38 222 5
39 222 5
40 222 5
41 222 5
42 222 5
43 222 5
44 222 5
45 222 5
46 222 5
47 222 5
48 222 5
49 222 5
50 222 5
1 223 4
2 223 4
3 223 4
4 223 4
5 223 4
6 223 4
7 223 4
8 223 4
9 223 4
10 223 4
11 223 4
12 223 4
13 223 4
14 223 4
15 223 4
16 223 4
17 223 4
18 223 4
19 223 4
20 223 4
21 223 4
22 223 4
23 223 4
24 223 4
25 223 4
26 223 4
27 223 4
28 223 4
29 223 4
30 223 4
31 223 4
32 223 4
33 223 4
34 223 4
35 223 4
36 223 4
37 223 4
38 223 4
39 223 4
40 223 4
41 223 4
42 223 4
43 223 4
44 223 4
45 223 4
46 223 4
47 223 4
48 223 4
49 223 4
50 223 4
1 224 9
2 224 9
3 224 9
4 224 9
5 224 9
6 224 9
7 224 9
8 224 9
9 224 9
10 224 9
11 224 9
12 224 9
13 224 9
14 224 9
15 224 9
16 224 9
17 224 9
18 224 9
19 224 9
20 224 9
21 224 9
22 224 9
23 224 9
24 224 9
25 224 9
26 224 9
27 224 9
28 224 9
29 224 9
30 224 9
31 224 9
32 224 9
33 224 9
34 224 9
35 224 9
36 224 9
37 224 9
38 224 9
39 224 9
40 224 9
41 224 9
42 224 9
43 224 9
44 224 9
45 224 9
46 224 9
47 224 9
48 224 9
49 224 9
50 224 9
1 225 5
2 225 5
3 225 5
4 225 5
5 225 5
6 225 5
7 225 5
8 225 5
9 225 5
10 225 5
11 225 5
12 225 5
13 225 5
14 225 5
15 225 5
16 225 5
17 225 5
18 225 5
19 225 5
20 225 5
21 225 5
22 225 5
23 225 5
24 225 5
25 225 5
26 225 5
27 225 5
28 225 5
29 225 5
30 225 5
31 225 5
32 225 5
33 225 5
34 225 5
35 225 5
36 225 5
37 225 5
38 225 5
39 225 5
40 225 5
41 225 5
42 225 5
43 225 5
44 225 5
45 225 5
46 225 5
47 225 5
48 225 5
49 225 5
50 225 5
1 226 1
2 226 1
3 226 1
4 226 1
5 226 1
6 226 1
7 226 1
8 226 1
9 226 1
10 226 1
11 226 1
12 226 1
13 226 1
14 226 1
15 226 1
16 226 1
17 226 1
18 226 1
19 226 1
20 226 1
21 226 1
22 226 1
23 226 1
24 226 1
25 226 1
26 226 1
27 226 1
28 226 1
29 226 1
30 226 1
31 226 1
32 226 1
33 226 1
34 226 1
35 226 1
36 226 1
37 226 1
38 226 1
39 226 1
40 226 1
41 226 1
42 226 1
43 226 1
44 226 1
45 226 1
46 226 1
47 226 1
48 226 1
49 226 1
50 226 1
1 227 1
2 227 1
3 227 1
4 227 1
5 227 1
6 227 1
7 227 1
8 227 1
9 227 1
10 227 1
11 227 1
12 227 1
13 227 1
14 227 1
15 227 1
16 227 1
17 227 1
18 227 1
19 227 1
20 227 1
21 227 1
22 227 1
23 227 1
24 227 1
25 227 1
26 227 1
27 227 1
28 227 1
29 227 1
30 227 1
31 227 1
32 227 1
33 227 1
34 227 1
35 227 1
36 227 1
37 227 1
38 227 1
39 227 1
40 227 1
41 227 1
42 227 1
43 227 1
44 227 1
45 227 1
46 227 1
47 227 1
48 227 1
49 227 1
50 227 1
1 228 10
2 228 10
3 228 10
4 228 10
5 228 10
6 228 10
7 228 10
8 228 10
9 228 10
10 228 10
11 228 10
12 228 10
13 228 10
14 228 10
15 228 10
16 228 10
17 228 10
18 228 10
19 228 10
20 228 10
21 228 10
22 228 10
23 228 10
24 228 10
25 228 10
26 228 10
27 228 10
28 228 10
29 228 10
30 228 10
31 228 10
32 228 10
33 228 10
34 228 10
35 228 10
36 228 10
37 228 10
38 228 10
39 228 10
40 228 10
41 228 10
42 228 10
43 228 10
44 228 10
45 228 10
46 228 10
47 228 10
48 228 10
49 228 10
50 228 10
1 229 4
2 229 4
3 229 4
4 229 4
5 229 4
6 229 4
7 229 4
8 229 4
9 229 4
10 229 4
11 229 4
12 229 4
13 229 4
14 229 4
15 229 4
16 229 4
17 229 4
18 229 4
19 229 4
20 229 4
21 229 4
22 229 4
23 229 4
24 229 4
25 229 4
26 229 4
27 229 4
28 229 4
29 229 4
30 229 4
31 229 4
32 229 4
33 229 4
34 229 4
35 229 4
36 229 4
37 229 4
38 229 4
39 229 4
40 229 4
41 229 4
42 229 4
43 229 4
44 229 4
45 229 4
46 229 4
47 229 4
48 229 4
49 229 4
50 229 4
1 230 8
2 230 8
3 230 8
4 230 8
5 230 8
6 230 8
7 230 8
8 230 8
9 230 8
10 230 8
11 230 8
12 230 8
13 230 8
14 230 8
15 230 8
16 230 8
17 230 8
18 230 8
19 230 8
20 230 8
21 230 8
22 230 8
23 230 8
24 230 8
25 230 8
26 230 8
27 230 8
28 230 8
29 230 8
30 230 8
31 230 8
32 230 8
33 230 8
34 230 8
35 230 8
36 230 8
37 230 8
38 230 8
39 230 8
40 230 8
41 230 8
42 230 8
43 230 8
44 230 8
45 230 8
46 230 8
47 230 8
48 230 8
49 230 8
50 230 8
1 231 6
2 231 6
3 231 6
4 231 6
5 231 6
6 231 6
7 231 6
8 231 6
9 231 6
10 231 6
11 231 6
12 231 6
13 231 6
14 231 6
15 231 6
16 231 6
17 231 6
18 231 6
19 231 6
20 231 6
21 231 6
22 231 6
23 231 6
24 231 6
25 231 6
26 231 6
27 231 6
28 231 6
29 231 6
30 231 6
31 231 6
32 231 6
33 231 6
34 231 6
35 231 6
36 231 6
37 231 6
38 231 6
39 231 6
40 231 6
41 231 6
42 231 6
43 231 6
44 231 6
45 231 6
46 231 6
47 231 6
48 231 6
49 231 6
50 231 6
1 232 8
2 232 8
3 232 8
4 232 8
5 232 8
6 232 8
7 232 8
8 232 8
9 232 8
10 232 8
11 232 8
12 232 8
13 232 8
14 232 8
15 232 8
16 232 8
17 232 8
18 232 8
19 232 8
20 232 8
21 232 8
22 232 8
23 232 8
24 232 8
25 232 8
26 232 8
27 232 8
28 232 8
29 232 8
30 232 8
31 232 8
32 232 8
33 232 8
34 232 8
35 232 8
36 232 8
37 232 8
38 232 8
39 232 8
40 232 8
41 232 8
42 232 8
43 232 8
44 232 8
45 232 8
46 232 8
47 232 8
48 232 8
49 232 8
50 232 8
1 233 3
2 233 3
3 233 3
4 233 3
5 233 3
6 233 3
7 233 3
8 233 3
9 233 3
10 233 3
11 233 3
12 233 3
13 233 3
14 233 3
15 233 3
16 233 3
17 233 3
18 233 3
19 233 3
20 233 3
21 233 3
22 233 3
23 233 3
24 233 3
25 233 3
26 233 3
27 233 3
28 233 3
29 233 3
30 233 3
31 233 3
32 233 3
33 233 3
34 233 3
35 233 3
36 233 3
37 233 3
38 233 3
39 233 3
40 233 3
41 233 3
42 233 3
43 233 3
44 233 3
45 233 3
46 233 3
47 233 3
48 233 3
49 233 3
50 233 3
1 234 10
2 234 10
3 234 10
4 234 10
5 234 10
6 234 10
7 234 10
8 234 10
9 234 10
10 234 10
11 234 10
12 234 10
13 234 10
14 234 10
15 234 10
16 234 10
17 234 10
18 234 10
19 234 10
20 234 10
21 234 10
22 234 10
23 234 10
24 234 10
25 234 10
26 234 10
27 234 10
28 234 10
29 234 10
30 234 10
31 234 10
32 234 10
33 234 10
34 234 10
35 234 10
36 234 10
37 234 10
38 234 10
39 234 10
40 234 10
41 234 10
42 234 10
43 234 10
44 234 10
45 234 10
46 234 10
47 234 10
48 234 10
49 234 10
50 234 10
1 235 8
2 235 8
3 235 8
4 235 8
5 235 8
6 235 8
7 235 8
8 235 8
9 235 8
10 235 8
11 235 8
12 235 8
13 235 8
14 235 8
15 235 8
16 235 8
17 235 8
18 235 8
19 235 8
20 235 8
21 235 8
22 235 8
23 235 8
24 235 8
25 235 8
26 235 8
27 235 8
28 235 8
29 235 8
30 235 8
31 235 8
32 235 8
33 235 8
34 235 8
35 235 8
36 235 8
37 235 8
38 235 8
39 235 8
40 235 8
41 235 8
42 235 8
43 235 8
44 235 8
45 235 8
46 235 8
47 235 8
48 235 8
49 235 8
50 235 8
1 236 6
2 236 6
3 236 6
4 236 6
5 236 6
6 236 6
7 236 6
8 236 6
9 236 6
10 236 6
11 236 6
12 236 6
13 236 6
14 236 6
15 236 6
16 236 6
17 236 6
18 236 6
19 236 6
20 236 6
21 236 6
22 236 6
23 236 6
24 236 6
25 236 6
26 236 6
27 236 6
28 236 6
29 236 6
30 236 6
31 236 6
32 236 6
33 236 6
34 236 6
35 236 6
36 236 6
37 236 6
38 236 6
39 236 6
40 236 6
41 236 6
42 236 6
43 236 6
44 236 6
45 236 6
46 236 6
47 236 6
48 236 6
49 236 6
50 236 6
1 237 7
2 237 7
3 237 7
4 237 7
5 237 7
6 237 7
7 237 7
8 237 7
9 237 7
10 237 7
11 237 7
12 237 7
13 237 7
14 237 7
15 237 7
16 237 7
17 237 7
18 237 7
19 237 7
20 237 7
21 237 7
22 237 7
23 237 7
24 237 7
25 237 7
26 237 7
27 237 7
28 237 7
29 237 7
30 237 7
31 237 7
32 237 7
33 237 7
34 237 7
35 237 7
36 237 7
37 237 7
38 237 7
39 237 7
40 237 7
41 237 7
42 237 7
43 237 7
44 237 7
45 237 7
46 237 7
47 237 7
48 237 7
49 237 7
50 237 7
1 238 6
2 238 6
3 238 6
4 238 6
5 238 6
6 238 6
7 238 6
8 238 6
9 238 6
10 238 6
11 238 6
12 238 6
13 238 6
14 238 6
15 238 6
16 238 6
17 238 6
18 238 6
19 238 6
20 238 6
21 238 6
22 238 6
23 238 6
24 238 6
25 238 6
26 238 6
27 238 6
28 238 6
29 238 6
30 238 6
31 238 6
32 238 6
33 238 6
34 238 6
35 238 6
36 238 6
37 238 6
38 238 6
39 238 6
40 238 6
41 238 6
42 238 6
43 238 6
44 238 6
45 238 6
46 238 6
47 238 6
48 238 6
49 238 6
50 238 6
1 239 4
2 239 4
3 239 4
4 239 4
5 239 4
6 239 4
7 239 4
8 239 4
9 239 4
10 239 4
11 239 4
12 239 4
13 239 4
14 239 4
15 239 4
16 239 4
17 239 4
18 239 4
19 239 4
20 239 4
21 239 4
22 239 4
23 239 4
24 239 4
25 239 4
26 239 4
27 239 4
28 239 4
29 239 4
30 239 4
31 239 4
32 239 4
33 239 4
34 239 4
35 239 4
36 239 4
37 239 4
38 239 4
39 239 4
40 239 4
41 239 4
42 239 4
43 239 4
44 239 4
45 239 4
46 239 4
47 239 4
48 239 4
49 239 4
50 239 4
1 240 1
2 240 1
3 240 1
4 240 1
5 240 1
6 240 1
7 240 1
8 240 1
9 240 1
10 240 1
11 240 1
12 240 1
13 240 1
14 240 1
15 240 1
16 240 1
17 240 1
18 240 1
19 240 1
20 240 1
21 240 1
22 240 1
23 240 1
24 240 1
25 240 1
26 240 1
27 240 1
28 240 1
29 240 1
30 240 1
31 240 1
32 240 1
33 240 1
34 240 1
35 240 1
36 240 1
37 240 1
38 240 1
39 240 1
40 240 1
41 240 1
42 240 1
43 240 1
44 240 1
45 240 1
46 240 1
47 240 1
48 240 1
49 240 1
50 240 1
1 241 5
2 241 5
3 241 5
4 241 5
5 241 5
6 241 5
7 241 5
8 241 5
9 241 5
10 241 5
11 241 5
12 241 5
13 241 5
14 241 5
15 241 5
16 241 5
17 241 5
18 241 5
19 241 5
20 241 5
21 241 5
22 241 5
23 241 5
24 241 5
25 241 5
26 241 5
27 241 5
28 241 5
29 241 5
30 241 5
31 241 5
32 241 5
33 241 5
34 241 5
35 241 5
36 241 5
37 241 5
38 241 5
39 241 5
40 241 5
41 241 5
42 241 5
43 241 5
44 241 5
45 241 5
46 241 5
47 241 5
48 241 5
49 241 5
50 241 5
1 242 9
2 242 9
3 242 9
4 242 9
5 242 9
6 242 9
7 242 9
8 242 9
9 242 9
10 242 9
11 242 9
12 242 9
13 242 9
14 242 9
15 242 9
16 242 9
17 242 9
18 242 9
19 242 9
20 242 9
21 242 9
22 242 9
23 242 9
24 242 9
25 242 9
26 242 9
27 242 9
28 242 9
29 242 9
30 242 9
31 242 9
32 242 9
33 242 9
34 242 9
35 242 9
36 242 9
37 242 9
38 242 9
39 242 9
40 242 9
41 242 9
42 242 9
43 242 9
44 242 9
45 242 9
46 242 9
47 242 9
48 242 9
49 242 9
50 242 9
1 243 6
2 243 6
3 243 6
4 243 6
5 243 6
6 243 6
7 243 6
8 243 6
9 243 6
10 243 6
11 243 6
12 243 6
13 243 6
14 243 6
15 243 6
16 243 6
17 243 6
18 243 6
19 243 6
20 243 6
21 243 6
22 243 6
23 243 6
24 243 6
25 243 6
26 243 6
27 243 6
28 243 6
29 243 6
30 243 6
31 243 6
32 243 6
33 243 6
34 243 6
35 243 6
36 243 6
37 243 6
38 243 6
39 243 6
40 243 6
41 243 6
42 243 6
43 243 6
44 243 6
45 243 6
46 243 6
47 243 6
48 243 6
49 243 6
50 243 6
1 244 6
2 244 6
3 244 6
4 244 6
5 244 6
6 244 6
7 244 6
8 244 6
9 244 6
10 244 6
11 244 6
12 244 6
13 244 6
14 244 6
15 244 6
16 244 6
17 244 6
18 244 6
19 244 6
20 244 6
21 244 6
22 244 6
23 244 6
24 244 6
25 244 6
26 244 6
27 244 6
28 244 6
29 244 6
30 244 6
31 244 6
32 244 6
33 244 6
34 244 6
35 244 6
36 244 6
37 244 6
38 244 6
39 244 6
40 244 6
41 244 6
42 244 6
43 244 6
44 244 6
45 244 6
46 244 6
47 244 6
48 244 6
49 244 6
50 244 6
1 245 6
2 245 6
3 245 6
4 245 6
5 245 6
6 245 6
7 245 6
8 245 6
9 245 6
10 245 6
11 245 6
12 245 6
13 245 6
14 245 6
15 245 6
16 245 6
17 245 6
18 245 6
19 245 6
20 245 6
21 245 6
22 245 6
23 245 6
24 245 6
25 245 6
26 245 6
27 245 6
28 245 6
29 245 6
30 245 6
31 245 6
32 245 6
33 245 6
34 245 6
35 245 6
36 245 6
37 245 6
38 245 6
39 245 6
40 245 6
41 245 6
42 245 6
43 245 6
44 245 6
45 245 6
46 245 6
47 245 6
48 245 6
49 245 6
50 245 6
1 246 5
2 246 5
3 246 5
4 246 5
5 246 5
6 246 5
7 246 5
8 246 5
9 246 5
10 246 5
11 246 5
12 246 5
13 246 5
14 246 5
15 246 5
16 246 5
17 246 5
18 246 5
19 246 5
20 246 5
21 246 5
22 246 5
23 246 5
24 246 5
25 246 5
26 246 5
27 246 5
28 246 5
29 246 5
30 246 5
31 246 5
32 246 5
33 246 5
34 246 5
35 246 5
36 246 5
37 246 5
38 246 5
39 246 5
40 246 5
41 246 5
42 246 5
43 246 5
44 246 5
45 246 5
46 246 5
47 246 5
48 246 5
49 246 5
50 246 5
1 247 3
2 247 3
3 247 3
4 247 3
5 247 3
6 247 3
7 247 3
8 247 3
9 247 3
10 247 3
11 247 3
12 247 3
13 247 3
14 247 3
15 247 3
16 247 3
17 247 3
18 247 3
19 247 3
20 247 3
21 247 3
22 247 3
23 247 3
24 247 3
25 247 3
26 247 3
27 247 3
28 247 3
29 247 3
30 247 3
31 247 3
32 247 3
33 247 3
34 247 3
35 247 3
36 247 3
37 247 3
38 247 3
39 247 3
40 247 3
41 247 3
42 247 3
43 247 3
44 247 3
45 247 3
46 247 3
47 247 3
48 247 3
49 247 3
50 247 3
1 248 2
2 248 2
3 248 2
4 248 2
5 248 2
6 248 2
7 248 2
8 248 2
9 248 2
10 248 2
11 248 2
12 248 2
13 248 2
14 248 2
15 248 2
16 248 2
17 248 2
18 248 2
19 248 2
20 248 2
21 248 2
22 248 2
23 248 2
24 248 2
25 248 2
26 248 2
27 248 2
28 248 2
29 248 2
30 248 2
31 248 2
32 248 2
33 248 2
34 248 2
35 248 2
36 248 2
37 248 2
38 248 2
39 248 2
40 248 2
41 248 2
42 248 2
43 248 2
44 248 2
45 248 2
46 248 2
47 248 2
48 248 2
49 248 2
50 248 2
1 249 10
2 249 10
3 249 10
4 249 10
5 249 10
6 249 10
7 249 10
8 249 10
9 249 10
10 249 10
11 249 10
12 249 10
13 249 10
14 249 10
15 249 10
16 249 10
17 249 10
18 249 10
19 249 10
20 249 10
21 249 10
22 249 10
23 249 10
24 249 10
25 249 10
26 249 10
27 249 10
28 249 10
29 249 10
30 249 10
31 249 10
32 249 10
33 249 10
34 249 10
35 249 10
36 249 10
37 249 10
38 249 10
39 249 10
40 249 10
41 249 10
42 249 10
43 249 10
44 249 10
45 249 10
46 249 10
47 249 10
48 249 10
49 249 10
50 249 10
1 250 3
2 250 3
3 250 3
4 250 3
5 250 3
6 250 3
7 250 3
8 250 3
9 250 3
10 250 3
11 250 3
12 250 3
13 250 3
14 250 3
15 250 3
16 250 3
17 250 3
18 250 3
19 250 3
20 250 3
21 250 3
22 250 3
23 250 3
24 250 3
25 250 3
26 250 3
27 250 3
28 250 3
29 250 3
30 250 3
31 250 3
32 250 3
33 250 3
34 250 3
35 250 3
36 250 3
37 250 3
38 250 3
39 250 3
40 250 3
41 250 3
42 250 3
43 250 3
44 250 3
45 250 3
46 250 3
47 250 3
48 250 3
49 250 3
50 250 3
